id hr5 hr10 hr15 hr20 hr25 hr30 hr35 hr40
PF3D7_0100600.1 0.07 0.03 0.01 0.03 0.2 0.09 0.13 0.08
PF3D7_0100800.1 0 0 0 0 0 0 0 0
PF3D7_0100900.1 0.01 0 0.02 0.05 0.35 0.81 0.07 0
PF3D7_0101000.1 0.01 0.01 0 0.03 0.1 0 0.13 0
PF3D7_0101100.1 0.03 0.07 0.07 0.19 0.69 0.51 0.38 0.14
PF3D7_0101200.1 0.03 0.01 0.06 0.03 0.46 0.27 0.1 0
PF3D7_0101300.1 0.09 0.03 0.01 1.34 16.1 6.14 1.08 0.12
PF3D7_0101800.1 0 0 0.01 0.02 0 0 0 0
PF3D7_0101900.1 0.04 0.05 0.02 0.05 0 0.18 0 0.04
PF3D7_0102500.1 64.84 11.81 1.54 1.26 0.72 1 1.75 29.36
PF3D7_0102600.1 0.46 0.22 0.91 7.65 29.72 14.03 9.21 1.89
PF3D7_0102700.1 6.02 3.41 2.18 2.53 9.62 12.06 8.48 2.36
PF3D7_0103900.1 0.21 0.26 0.63 4.19 39.77 81.33 105.06 29.22
PF3D7_0104000.1 0.2 0.12 0.1 0.36 0.22 1.34 6.52 6.9
PF3D7_0104200.1 48.04 8.01 1.64 6.07 47.87 63.88 71.96 47.78
PF3D7_0106600.1 0.82 0.21 0.16 0.53 1.07 2.42 5.12 3.24
PF3D7_0109100.1 2.87 0.52 0.28 0.42 0.67 1.25 1.04 1.77
PF3D7_0112800.1 2.39 2.08 2.22 3.63 7.75 9.88 10.83 7.68
PF3D7_0113000.1 7.8 64.95 104.92 313.06 893.43 1772.81 860.08 67.05
PF3D7_0113300.1 5.51 7.07 8.44 10.6 9.17 10.39 9.58 2.23
PF3D7_0113700.1 5.7 10.91 13.11 23.77 41.55 30.1 19.51 4.79
PF3D7_0113900.1 5.38 10.3 12.09 13.23 12.74 11.23 14.3 7.79
PF3D7_0114100.1 0.02 0.01 0.03 0.15 2.63 4.11 1.42 0.38
PF3D7_0114200.1 0.02 0.01 0.01 0.08 0.05 0.36 0.4 0.21
PF3D7_0114500.1 0.23 0.1 1.78 37.81 240.29 31.79 9.43 6.8
PF3D7_0114700.1 0.02 0.01 0.05 0.69 4.88 1.07 0.29 0.09
PF3D7_0114800.1 0.06 0.12 0.35 0.98 6.65 1.79 0.22 0.41
PF3D7_0115100.1 0.04 0.01 0.03 0.04 0.12 0.32 0.71 0.35
PF3D7_0115300.1 0.02 0.01 0 0.02 0.21 0 0.07 0.04
PF3D7_0115400.1 0.01 0 0.01 0.08 0.35 0.94 0.23 0.19
PF3D7_0115600.1 0.1 0.31 0.57 1.44 11.31 5.31 2.02 1.3
PF3D7_0200200.1 0.11 0.09 0.09 0.16 0.37 0.09 0.21 0.22
PF3D7_0200400.1 0 0.01 0.02 0 0 0.1 0 0.05
PF3D7_0200600.1 0 0 0.01 0.02 0.05 0.08 0.19 0.04
PF3D7_0201000.1 0.01 0.01 0.01 0 0.06 0.1 0.22 0
PF3D7_0201200.1 0 0 0.01 0.02 0.05 0.18 0.07 0.04
PF3D7_0201300.1 0 0 0.01 0 0.17 0.1 0.15 0.05
PF3D7_0201400.1 0.01 0 0 0.19 1.24 0.2 0.3 0.18
PF3D7_0201500.1 3.24 3.28 10.75 59.49 192.97 187.17 196.82 62.52
PF3D7_0201800.1 3.82 13.33 22.72 53.53 124.9 82.87 26.56 4.4
PF3D7_0201900.1 0.59 4.91 42.11 143.68 249.38 169.48 134.8 21.95
PF3D7_0202000.1 37.91 588.94 1118.02 2716.32 3896.93 2641.26 1461.82 313.19
PF3D7_0202500.1 1546.86 706 573.2 1355.24 1213.85 292.07 80.42 300.73
PF3D7_0206800.1 150.97 37.65 6.26 9.8 32.46 54.12 388.22 1430.83
PF3D7_0206900.1 36.73 6.7 1.08 1.83 18.6 54.07 54.55 34.55
PF3D7_0207000.1 60.57 11.76 1.96 2.13 30.31 195.25 639.29 790
PF3D7_0207500.1 0.94 0.28 0.08 0.06 0.15 12.39 151.99 170.08
PF3D7_0207600.1 9.38 1.61 0.36 0.29 0.34 27.05 820.68 1387.55
PF3D7_0207700.1 1 0.2 0.05 0.07 0.17 4.81 80.3 107.93
PF3D7_0208900.1 0.01 0.02 0.03 0.11 0.33 0.64 0.44 0.06
PF3D7_0209000.1 0.08 0.13 0.15 0.31 0.61 0.36 0.47 0.16
PF3D7_0212600.1 45.56 11.04 1.87 1.38 5.38 22.34 16.22 30.4
PF3D7_0214900.1 65.02 10.9 1.96 1.64 6.14 15.21 88.04 415.69
PF3D7_0219800.1 7.88 2.48 2.53 8.95 15.7 20.18 28.64 27.07
PF3D7_0220500.1 10.57 2.65 1.22 4.02 15.28 13.2 8.81 17.49
PF3D7_0220600.1 2.86 3.82 10.99 54.05 196.99 171.04 148.4 32.61
PF3D7_0220800.1 2.52 0.37 0.08 0.25 1.86 3.85 11.09 61.68
PF3D7_0221200.1 0.06 0.08 0.79 9.14 98.4 124.04 51.57 9.6
PF3D7_0221400.1 0.01 0 0.01 0.06 0.69 0.31 0.08 0.19
PF3D7_0222000.1 0 0 0 0 0 0.22 0 0
PF3D7_0222100.1 0.01 0.01 0.01 0.2 3.55 2.47 0.2 0.06
PF3D7_0222200.1 0.01 0.01 0 0.05 0.15 0.14 0 0
PF3D7_0222500.1 0.01 0 0.01 0.02 0 0.1 0.07 0
PF3D7_0222700.1 0.01 0 0.01 0 0 0.18 0 0
PF3D7_0222800.1 0.01 0.01 0.01 0.02 0.06 0.1 0 0.05
PF3D7_0223200.1 0 0.01 0 0 0.05 0.09 0 0
PF3D7_0223300.1 0.01 0 0 0 0.12 0.07 0.05 0.03
PF3D7_0223400.1 0.07 0.13 0.31 0.63 2.38 0.58 0.5 1.06
PF3D7_0300400.1 0.01 0 0 0 0 0.11 0 0.05
PF3D7_0300500.1 0 0 0 0.02 0 0.09 0.06 0
PF3D7_0300700.1 0 0 0 0.02 0 0 0.06 0.04
PF3D7_0300800.1 0.01 0 0.02 0.02 0 0.2 0 0.09
PF3D7_0300900.1 0.02 0.01 0.08 2.68 32.49 22.79 5.04 0.6
PF3D7_0301100.1 0.1 0.08 0.04 0.09 0.55 0.49 2.35 0.34
PF3D7_0301300.1 4.32 1.25 1.9 8.8 22.34 15.32 9.77 1.89
PF3D7_0302200.1 3.75 0.73 0.17 0.11 0.18 0.29 12.92 68.53
PF3D7_0302500.1 9.74 1.65 0.34 0.36 3.12 5.02 44.91 203.03
PF3D7_0304600.1 0.6 0.48 0.28 1.57 24.58 48.84 42.95 13.56
PF3D7_0310400.1 1 0.35 0.17 0.45 5.43 50.28 260.88 164
PF3D7_0313100.1 0.61 0.69 2.42 18.49 96.55 152.45 175.9 59.52
PF3D7_0315200.1 0.1 0.26 0.2 0.22 0.12 0.42 0.15 0.11
PF3D7_0317100.1 0.09 0.08 0.12 0.38 2.65 3.05 3.4 2.29
PF3D7_0320400.1 0.06 0.04 0.05 0.11 0.42 0.56 0.4 0.17
PF3D7_0323400.1 20.48 3.41 0.53 0.35 1.18 2.96 2.95 7.69
PF3D7_0324000.1 0 0 0.01 0.04 0 0.11 0.16 0
PF3D7_0324100.1 0.02 0.01 0.01 0.08 2.07 1.77 0.4 0.13
PF3D7_0324200.1 0.03 0.01 0.02 0.03 0 0.27 0.1 0.19
PF3D7_0324300.1 0.08 0.1 0.23 0.4 0.74 0.2 0.38 0.23
PF3D7_0324400.1 0 0 0 0 0.1 0 0 0.04
PF3D7_0324500.1 0.01 0 0.01 0 0 0.1 0.15 0.09
PF3D7_0324600.1 0.02 0 0 0.02 0.12 0.1 0.08 0.05
PF3D7_0324800.1 0.05 0.05 0.05 0.32 0.57 0.25 0.56 0.9
PF3D7_0400800.1 0.01 0.01 0 0.02 0.12 0.11 0.16 0
PF3D7_0400900.1 0.01 0 0.01 0.12 0.48 0.29 0.07 0
PF3D7_0401000.1 0.01 0 0.01 0.02 0.11 0.1 0 0.05
PF3D7_0401300.1 0.01 0 0.01 0.03 0.24 0.17 0 0
PF3D7_0401400.1 0.02 0 0.01 0.09 0.48 0 0.21 0.04
PF3D7_0401600.1 5.39 8.6 15.27 69.96 348.17 317.93 112.88 13.09
PF3D7_0401600.2 5.39 8.6 15.27 69.96 348.17 317.93 112.88 13.09
PF3D7_0401800.1 6.25 3.52 1.99 26.45 221.71 47.79 18.82 20.95
PF3D7_0402100.1 38.49 9.4 4.71 9.51 17.7 19.58 9.08 6.15
PF3D7_0402300.1 39.53 8.15 1.32 0.88 1.54 3.59 2.25 8.8
PF3D7_0402600.1 0.01 0.01 0.01 0.04 0.29 0.73 0.23 0.05
PF3D7_0404700.1 15.07 2.21 0.4 0.53 0.36 0.54 16.33 87.62
PF3D7_0404900.1 10.39 2.25 1.12 3.77 15.23 16.62 61 101.59
PF3D7_0405300.1 0.48 0.11 0.12 0.4 1.15 2.23 2.47 2.1
PF3D7_0405900.1 19.62 3.14 0.65 0.58 1.55 7.1 29.68 186.14
PF3D7_0406200.1 39.78 55.94 96.97 292.26 882.39 1185.97 863.77 510.15
PF3D7_0408600.1 0.63 0.15 0.03 0.04 0.41 4.35 6.33 3.65
PF3D7_0408700.1 0.04 0.03 0.02 0.06 0.51 0.93 0.88 0.77
PF3D7_0413200.1 0.01 0 0 0 0 0 0 0.04
PF3D7_0413300.1 0 0 0.01 0.03 0.05 0 0.07 0.04
PF3D7_0419700.1 9.28 1.45 0.32 0.69 1.74 3.19 17.69 82.73
PF3D7_0421200.1 0 0.01 0.01 0.02 0.05 0.09 0.13 0
PF3D7_0423400.1 9.99 1.63 0.43 0.19 1.22 0.87 12.59 71.61
PF3D7_0423700.1 19.48 11.61 6.98 26.86 266.24 607.54 1185.63 1225.31
PF3D7_0423800.1 9 1.64 0.53 0.57 2.45 11.89 15.44 18.98
PF3D7_0424000.1 1.86 0.57 1.22 45.79 233.41 152.36 37.83 6.55
PF3D7_0424100.1 23.34 3.07 0.58 1.39 6.74 5.26 2.91 13.41
PF3D7_0424200.1 28.47 4.72 0.72 0.67 2.82 5.08 2.83 5.46
PF3D7_0425100.1 11.4 8.78 10.56 12.04 6.03 2.14 0.68 1.2
PF3D7_0425200.1 3.19 1.89 1.65 2.42 1.54 0.27 0.4 0.38
PF3D7_0425500.1 0.02 0 0.01 0.19 4.08 1.55 0.46 0.19
PF3D7_0500400.1 0 0 0.01 0.06 0.05 0.08 0.31 0.04
PF3D7_0500500.1 0.01 0 0.03 0.04 0.23 0.1 0.45 0.14
PF3D7_0501200.1 0.44 1.43 7.18 69.37 580.54 543.65 338.91 47.92
PF3D7_0501500.1 7.55 1.43 0.36 0.34 0.35 0.31 18.73 131.58
PF3D7_0501600.1 17.24 2.69 0.69 0.37 0.53 0.79 28.33 212.78
PF3D7_0502400.1 8.11 8.97 12.86 23.19 20.43 14.17 8.91 3.25
PF3D7_0507500.1 32 6.3 1.09 0.93 2.19 2.93 3.31 20.95
PF3D7_0508000.1 2.62 0.58 0.27 0.37 0.3 0.72 48.44 124.02
PF3D7_0511400.1 0.13 0.08 0.1 0.32 1.72 2.14 1.52 0.53
PF3D7_0511600.1 5.81 1.66 1.98 3.57 11.13 16.13 24.59 58.52
PF3D7_0513700.1 0.14 0.09 0.1 0.31 1.33 3.6 3.6 1.28
PF3D7_0522600.1 1.71 0.35 0.08 0.06 0.26 0.52 9.47 29.49
PF3D7_0530750.1 0.19 0.88 1.53 4.72 25.37 43.62 34.76 18.65
PF3D7_0532100.1 99.67 198.44 275.18 1206.51 7532.53 6773.99 3065.14 769.62
PF3D7_0532200.1 0.21 0.26 0.32 0.65 4.3 10.96 13.52 9.46
PF3D7_0532600.1 0.13 0.06 0.95 36.25 398.9 223.64 77.96 7.88
PF3D7_0532900.1 0.04 0.07 0.23 1.03 6.57 5.63 3.21 0.77
PF3D7_0600500.1 0.02 0.09 0.15 0.44 3.09 1.01 0.62 0.39
PF3D7_0600600.1 0.06 0.01 0.02 0.05 0.44 0.36 0.53 0.43
PF3D7_0601000.1 0.01 0.06 0.09 0.15 0.97 0.51 0.68 0.09
PF3D7_0601100.1 0.34 0.46 0.6 1.25 2.92 1.23 0.7 0.19
PF3D7_0601200.1 0.13 0.09 0.48 2.88 24.71 11.13 2.08 0.68
PF3D7_0601300.1 0.01 0.01 0.02 0.02 0.19 0.22 0.16 0.05
PF3D7_0601500.1 0.01 0.03 0.3 1.68 6.26 6.13 3.68 1.15
PF3D7_0612700.1 11.05 2.12 1.07 3.48 14.03 16.3 48.12 98.43
PF3D7_0612800.1 0.37 0.63 0.98 3.22 9.69 17.11 18.82 7.84
PF3D7_0616500.1 0.05 0.02 0.03 0.12 0.28 0.46 0.25 0.11
PF3D7_0617600.1 0.01 0.02 0.01 0.12 3.11 5.09 2 0.19
PF3D7_0617700.1 0.02 0.01 0.01 0.11 0.48 0.19 0.21 0.04
PF3D7_0620000.1 0.08 0.09 0.06 0.13 0.74 2.3 2.85 0.34
PF3D7_0620400.1 3.13 0.62 0.11 0.12 0.44 0.78 2.7 12.16
PF3D7_0621350.1 0.96 0.56 0.7 2.03 3.45 2.04 1.67 1.15
PF3D7_0624700.1 0.29 0.07 0.1 0.38 1.86 22.23 48.86 24.63
PF3D7_0629300.1 4.62 0.99 0.12 0.09 0.27 0.66 0.73 4.65
PF3D7_0631100.1 0.02 0.05 0.22 1.4 4.72 5.4 3.69 1.21
PF3D7_0631300.1 0.01 0 0.01 0 0.13 0 0 0.05
PF3D7_0631400.1 0.03 0 0.02 0.48 4.06 2.04 0.3 0.06
PF3D7_0631500.1 0.29 0.22 0.5 0.99 1.54 0.95 0.1 0.19
PF3D7_0631600.1 0.08 0.05 0.05 0.23 0.57 0.41 0.15 0.09
PF3D7_0631800.1 0.01 0 0.01 0 0.05 0.18 0 0.04
PF3D7_0631900.1 0 0.01 0.01 0.04 2.98 3.01 0.31 0.1
PF3D7_0632000.1 0 0.01 0.01 0.03 0.1 0.08 0.06 0.04
PF3D7_0632100.1 0.02 0 0.01 0.02 0.11 0.1 0 0.09
PF3D7_0632300.1 0.01 0.02 0 0.02 0.05 0.09 0 0
PF3D7_0632400.1 0.02 0.02 0.09 0.25 0.89 0.42 0.31 0.81
PF3D7_0700200.1 0 0 0 0.02 0.93 0.19 0.22 0
PF3D7_0700300.1 0 0 0 0.02 0.06 0 0.07 0
PF3D7_0700400.1 0 0.01 0.01 0.02 0 0 0 0
PF3D7_0700500.1 0 0.02 0.02 0.1 0.69 0.18 0 0.12
PF3D7_0700800.1 0.1 0.03 0.07 1.11 18.83 10.18 1.9 0.19
PF3D7_0701500.1 0 0.02 0.01 0.05 0.23 0.14 0 0.13
PF3D7_0701600.1 0.04 0.05 0.13 1.94 30.4 17.35 3.84 0.25
PF3D7_0701700.1 0 0 0.01 0 0 0 0 0.05
PF3D7_0701800.1 0.04 0.01 0.01 0.04 0.05 0.09 0.14 0
PF3D7_0702000.1 119.66 83.73 60.3 55.48 46.92 15.37 6.05 5.31
PF3D7_0702300.1 22.93 24.73 22.53 29.05 17.58 8.05 4.38 0.76
PF3D7_0707300.1 149.27 25 5.13 3.74 2.39 3.03 264.06 1286.85
PF3D7_0713000.1 0 0 0 0 0.1 0.27 0.13 0.04
PF3D7_0713100.1 0.01 0.04 0.08 0.99 13.4 6.11 1.8 0.25
PF3D7_0718300.1 0.07 0.02 0.02 0.04 0.14 0.27 0.32 0.14
PF3D7_0722200.1 85.21 13.21 2.47 2.07 1.56 2.56 95.64 584.48
PF3D7_0731500.1 142.19 32.31 5.36 4.08 5.26 7.08 4.24 29.3
PF3D7_0731700.1 0.21 0.13 0.18 0.66 7.66 14.07 27.74 9.43
PF3D7_0732000.1 0 0.01 0.01 0 0.18 0.85 0.08 0.05
PF3D7_0732300.1 0.01 0 0.02 0.02 0.1 0 0.07 0.04
PF3D7_0732400.1 0.01 0.02 0.02 0.03 0.32 0.33 0 0.08
PF3D7_0732500.1 0.05 0.01 0.04 0.06 0.57 0.34 0.06 0.04
PF3D7_0732700.1 0.02 0 0.01 0.07 0 0.09 0 0.04
PF3D7_0732800.1 0 0 0 0.01 0.08 0.14 0 0.03
PF3D7_0800500.1 0 0.01 0 0.09 0.09 0.08 0.19 0
PF3D7_0800600.1 0.06 0.03 0.03 0.08 0.18 0.76 0.4 0.7
PF3D7_0800800.1 2.83 0.75 0.6 1.9 7.53 1.95 1.44 1.11
PF3D7_0801300.1 0.13 0.18 0.08 0.3 0.79 0.54 1.76 0.55
PF3D7_0807700.1 0.8 0.9 1.6 2.63 10.81 9.84 15.81 10.54
PF3D7_0808200.1 30.33 7.1 1.36 1.36 2.35 1.43 1.05 17.04
PF3D7_0808800.1 0.01 0.01 0.02 0.03 0.05 0 0.06 0
PF3D7_0808900.1 0.01 0.01 0.02 0.09 0.85 0.28 0.07 0.04
PF3D7_0812300.1 0.15 0.09 0.19 0.27 0.77 0.27 0.91 0.97
PF3D7_0818600.1 5.08 0.91 0.59 1.24 3.69 8.63 13.05 8.67
PF3D7_0819200.1 0.05 0.09 0.12 0.31 1.57 2.14 1.51 0.49
PF3D7_0819400.1 0.03 0.03 0.03 0.08 0.65 0.24 0.64 0.31
PF3D7_0822700.1 0.18 0.08 0.08 0.19 1.27 5.14 4.1 0.74
PF3D7_0827900.1 7.18 18.05 40.13 155.55 614.16 1083.23 1640.72 780.38
PF3D7_0828800.1 23.96 5.02 0.87 0.62 1.35 1.96 2.11 6.89
PF3D7_0829600.1 0.18 0.07 0.16 0.24 0.42 1.47 3.54 4.24
PF3D7_0830300.1 0.15 0.13 0.17 0.42 6.62 15.95 7.89 1.08
PF3D7_0830400.1 24.54 23.85 31.98 78.5 304.72 322.34 264.43 112.91
PF3D7_0831600.1 2.41 0.38 0.12 0.15 0.41 1.22 9.92 40.1
PF3D7_0831700.1 34.28 82.93 119.68 240.37 647.44 937.51 465.66 64.2
PF3D7_0832000.1 0.06 0.05 0.07 0.72 13.38 8.08 3.37 0.52
PF3D7_0832400.1 0.01 0 0.03 0 0.58 0.41 0.15 0.14
PF3D7_0832500.1 0 0.01 0.01 0.05 0.65 0.29 0.14 0.04
PF3D7_0832600.1 0.01 0 0.03 0.46 0.39 0.59 0.29 0
PF3D7_0832900.1 0.02 0.01 0.01 0.12 1.57 1.34 0.38 0.1
PF3D7_0833000.1 0 0 0.02 0.05 0.24 0.17 0.13 0.04
PF3D7_0833100.1 0 0.02 0.02 0.05 0.29 0.09 0.13 0.08
PF3D7_0833200.1 0 0 0.01 0 0.05 0.09 0.07 0.08
PF3D7_0833400.1 0.01 0.01 0.01 0.03 0.36 0 0.14 0.77
PF3D7_0900200.1 0.08 0.21 0.34 1.06 1.7 0.84 1.36 3.66
PF3D7_0900300.1 0.03 0.04 0.02 0.02 0.1 0 0.06 0.16
PF3D7_0900500.1 1.97 0.48 0.12 0.29 1.31 0.28 0.62 4.62
PF3D7_0900600.1 0.02 0 0.03 0.03 0.19 0 0.13 0.12
PF3D7_0900700.1 0.01 0 0.01 0.03 0.14 0.08 0.24 0
PF3D7_0900900.1 0 0 0.01 0 0.18 0 0 0
PF3D7_0901000.1 0.01 0 0.01 0 0.23 0.2 0.15 0.05
PF3D7_0901100.1 0.01 0 0 0.02 0 0 0.07 0
PF3D7_0901400.1 0.01 0 0 0.07 0 0.18 0 0.08
PF3D7_0901500.1 0.04 0.01 0.03 0.16 0.53 0.43 0.25 0
PF3D7_0901600.1 0 0.01 0.01 0.02 0.12 0.41 0.23 0.05
PF3D7_0901700.1 0.52 0.29 0.3 5.41 81.24 143.15 155.97 58.16
PF3D7_0902000.1 1.18 1.18 1.61 3.51 24.46 29.36 14.48 2.24
PF3D7_0902200.1 2.23 2.2 3.81 15.6 55.26 52.22 28.98 9.91
PF3D7_0902400.1 0.4 0.27 0.23 0.32 3.94 12.69 14.79 5.39
PF3D7_0902500.1 17.8 10.58 12.06 11.24 10.11 4.68 3.14 2.3
PF3D7_0902600.1 0.42 0.69 1.66 5.76 12.61 18.76 12.64 3.36
PF3D7_0903800.1 0.07 0.05 0.07 0.22 0.7 1.1 1.18 0.31
PF3D7_0904200.1 1.2 1.56 1.62 4.47 10.12 11.18 10.56 3.86
PF3D7_0905400.1 41.28 7.31 1.8 1.46 1.34 7.61 337.13 1238.04
PF3D7_0908000.1 1.31 0.52 1.31 3.31 7.71 17.15 43 52.22
PF3D7_0911300.1 0.05 0.02 0.03 0.1 0.42 0.83 0.76 0.28
PF3D7_0911900.1 23.91 19.79 29.56 77.48 210.27 217.25 251.73 108.74
PF3D7_0916100.1 0.78 0.76 1.8 3.99 11.77 28.54 45.23 16.59
PF3D7_0917900.1 22.14 46.56 104.26 341.86 922.11 1392.77 2706.46 1911.73
PF3D7_0918000.1 13.86 2.93 1.08 1.69 13.24 124.03 494.21 610.96
PF3D7_0919400.1 0.42 0.21 0.16 0.22 1.58 22.16 80.09 65.79
PF3D7_0919500.1 0.08 0.05 0.06 0.1 2.87 8.85 7.51 3.32
PF3D7_0923300.1 0.08 0.19 0.28 1.14 4.32 3.18 1.58 0.62
PF3D7_0929400.1 12.2 2.06 0.49 0.43 0.67 6.12 152.25 439.46
PF3D7_0930300.1 205.75 44.42 7.14 4.07 3.62 59.9 754.62 1215.6
PF3D7_0935800.1 3.69 0.6 0.19 0.25 1.19 4.6 84.86 194.44
PF3D7_0936100.1 1.42 1.64 3.62 17.83 61.07 148.59 197.69 95.51
PF3D7_0936200.1 0.18 0.37 1.5 19.95 151.63 115.24 54.11 9.7
PF3D7_0936500.1 0.69 2.72 4.25 5.18 6.97 6.79 5.28 2.18
PF3D7_0937000.1 0.01 0 0.01 0.05 0.69 1.32 2.86 1.26
PF3D7_0937300.1 0.02 0.01 0.03 0.08 0.1 0.08 0.06 0.08
PF3D7_0937400.1 0.05 0.03 0.01 0.08 0.15 0 0.13 0.04
PF3D7_1000300.1 0.02 0.03 0.02 0 0 0 0 0.08
PF3D7_1000500.1 0 0 0.02 0.03 0.05 0.26 0 0.04
PF3D7_1000600.1 0.04 0.4 0.34 2.34 27.52 9.49 2.31 0.68
PF3D7_1001000.1 0.03 0.11 3.55 34.08 234.07 173.27 69.97 7.63
PF3D7_1001400.1 2.71 5.01 11.18 22.31 10.11 8.34 3.66 0.85
PF3D7_1001500.1 117.5 213.08 387.51 821.23 558.88 168.89 51.9 14.37
PF3D7_1001700.1 11.58 7.37 10.22 15.61 21.48 56.4 98.43 76.12
PF3D7_1012200.1 45.58 7.29 1.45 1.1 2.58 6.7 57.36 363.56
PF3D7_1016900.1 21.23 25.46 20.75 45.89 153.31 395.1 568.64 265.4
PF3D7_1017100.1 12.33 1.72 0.51 0.38 6.17 35.56 60.72 142.79
PF3D7_1017300.2 2.73 0.8 0.92 3.45 32.33 51.59 42.35 16.01
PF3D7_1022300.1 0.09 0.11 0.06 0.22 4.58 25.42 18.76 4.63
PF3D7_1028700.1 111.92 19.37 2.58 1.81 4.02 23.55 66.46 97.6
PF3D7_1030200.1 9.08 1.96 0.54 0.77 1.3 2.17 3.2 23.61
PF3D7_1031000.1 1.32 1.19 1.7 4.23 12.79 10.12 10.46 9.78
PF3D7_1032500.1 0.57 1.19 3.2 11.22 46.08 75.06 109.94 74.63
PF3D7_1033200.1 3.91 4.7 15.43 79.25 399.21 280.08 464.04 244.27
PF3D7_1035200.1 108.37 13.44 1.94 1.1 0.45 2.69 284.69 1039.74
PF3D7_1035300.1 12.86 2.94 0.62 0.5 0.24 0.28 1.87 28.15
PF3D7_1035400.1 385.84 75.1 12.45 8.39 23.56 77.83 285.58 671.27
PF3D7_1035500.1 349.36 63.74 10.32 10.6 65.45 44.04 17.13 334.1
PF3D7_1035700.1 55.88 10.98 1.35 0.77 0.53 1.4 42.85 117.58
PF3D7_1036000.1 83.36 18.39 2.63 1.42 1.71 2.41 13.92 40.7
PF3D7_1036300.1 3.22 0.9 0.22 0.25 0.61 0.04 0.49 3.67
PF3D7_1039700.1 0.04 0.01 0.02 0.08 2.99 1.22 0.1 0.38
PF3D7_1039800.1 0.02 0.01 0.01 0.05 0.15 0 0.2 0.06
PF3D7_1039900.1 0.05 0.12 0.09 0.34 0.8 0.31 0.53 0.05
PF3D7_1040000.1 0.01 0.01 0 0 0.05 0.09 0 0
PF3D7_1040100.1 0 0 0 0 0.11 0.1 0 0
PF3D7_1040200.1 0 0 0 0.81 12.42 9.37 0.91 0.19
PF3D7_1040300.1 0.01 0.09 0.06 0.39 5.44 2.83 0.43 0.04
PF3D7_1040400.1 0.01 0 0.01 0 0.05 0 0.07 0
PF3D7_1040500.1 0.02 0 0 0.02 0.3 0.54 0 0.04
PF3D7_1040600.1 0 0 0 0.02 0.16 0 0 0
PF3D7_1040700.1 0 0 0 0.02 0 0 0 0
PF3D7_1040800.1 0.01 0.01 0 0.02 0.12 0 0.08 0
PF3D7_1040900.1 0.02 0 0.01 0.02 0.06 0.2 0 0
PF3D7_1041000.1 0.01 0.01 0.01 0.03 0.48 0.17 0 0.04
PF3D7_1041100.1 0.01 0 0 0 0.05 0.09 0 0.13
PF3D7_1100400.1 0.01 0 0.01 0 0.05 0.1 0 0
PF3D7_1100500.1 0 0 0.02 0.07 1.46 0.38 0.28 0.09
PF3D7_1100800.1 0.04 0.01 0.02 0.46 8.42 6.52 1.3 0.13
PF3D7_1101200.1 0 0 0 0 0 0.18 0 0
PF3D7_1101300.1 0.01 0.01 0.03 0.36 3.27 0.67 0.28 0.09
PF3D7_1101500.1 0.05 0.1 0.22 0.36 0.69 0.61 0.45 0.14
PF3D7_1101600.1 0.01 0.01 0.01 0.05 0.15 0.14 0 0.06
PF3D7_1101700.1 0 0.01 0.04 0.25 3.37 0.54 0.5 0.06
PF3D7_1101800.1 0.01 0.01 0.02 0.04 0.06 0 0.16 0
PF3D7_1102300.1 1.22 4.73 6.47 14.48 22.54 11.44 8.39 2.13
PF3D7_1102700.1 687.62 373.31 347.64 707.6 724.03 293.46 136.51 106.6
PF3D7_1102800.1 3126.71 1988.71 1372.19 1876.32 2114.14 721.6 300.15 590.84
PF3D7_1105600.1 24.17 10.78 7.22 19.94 67.7 68.11 49.03 13.74
PF3D7_1108600.1 7.26 8.65 23.57 96.54 339 894.1 1969.12 1212.99
PF3D7_1108700.1 2.34 4.69 6.83 22.32 70.15 115.36 201.84 133.49
PF3D7_1115600.1 2.85 2.34 3.61 14.49 54.45 150.61 479.03 463.13
PF3D7_1115900.1 3.31 1.76 0.83 1.5 4.89 8.04 12.34 19.1
PF3D7_1116000.1 13.46 2.62 0.57 0.52 1.26 5.06 32.47 143.71
PF3D7_1116700.1 15.34 12.6 16.32 61.78 273.87 233.42 168.21 38.29
PF3D7_1116800.1 55.74 24.06 20.7 52.14 97.5 51.82 35.08 13.16
PF3D7_1121600.1 298.17 145.85 122.74 518.71 3116.7 3161.77 2099.75 607.45
PF3D7_1124000.1 1.23 1.66 1.92 5 12.8 23.39 49.01 41.59
PF3D7_1127500.1 1.23 0.31 0.21 0.66 4.68 18.16 51.71 36.73
PF3D7_1129100.1 72.06 47.54 49.47 163.94 904.13 793.02 645.41 216.49
PF3D7_1133400.1 62.06 14.01 2.21 1.05 0.83 3.08 22.51 43.9
PF3D7_1134100.1 0.4 0.17 0.42 1.84 14.57 50.97 88.64 45.95
PF3D7_1136200.1 5.47 0.98 0.22 0.22 0.55 1.85 14.71 74.01
PF3D7_1136900.1 8.8 3.21 1.1 1.57 2.09 3.4 2.98 8.24
PF3D7_1141600.1 0.08 0.06 0.19 1.36 10.86 26.9 38.38 12.89
PF3D7_1147800.1 1.15 1.13 1.98 7.76 17.42 17.56 21.29 6.16
PF3D7_1148700.1 4.4 27.09 68.5 174.15 130.62 87.55 71.15 17.52
PF3D7_1149300.1 3.71 0.85 0.61 0.84 5.03 8.14 5.14 1.55
PF3D7_1149800.1 0.01 0.07 0.09 0.37 3.21 1.5 0.22 0.09
PF3D7_1149900.1 0.01 0.01 0.01 0.08 1.84 3.06 0.75 0.14
PF3D7_1150000.1 0 0.01 0.01 0.02 0.05 0.34 0.06 0.08
PF3D7_1150200.1 0.01 0.01 0.02 0.09 0.1 0.09 0.34 0.17
PF3D7_1200200.1 0.08 0.09 0.18 0.29 1.45 0.66 1.23 3.06
PF3D7_1200300.1 0 0.04 0.03 0.03 0 0.18 0.07 0
PF3D7_1200500.1 0.97 1.38 1.16 1.4 2.5 6.13 13.33 18.43
PF3D7_1200800.1 4.33 4.01 4.65 8.92 31.33 23.35 19.98 4.52
PF3D7_1201000.1 1.04 1.13 10.24 328.46 3043.38 2747.95 935.78 78.26
PF3D7_1201300.1 0.44 0.58 0.28 0.22 1.16 0.59 1.74 0.27
PF3D7_1206000.1 6.64 0.92 0.23 0.4 1.4 3.72 13.27 79.72
PF3D7_1208200.1 0.04 0.03 0.03 0.07 0.27 0.76 0.71 0.26
PF3D7_1212500.1 1 2.06 3.79 8.47 17.09 47.15 90.6 55.7
PF3D7_1216500.1 9.58 11.55 11.89 23.06 47.91 32.92 36.88 29.28
PF3D7_1216600.1 0.65 0.17 0.07 0.16 0.49 0.17 0.13 0.16
PF3D7_1218000.1 8.55 1.6 0.27 0.35 0.86 1.25 2.77 7.73
PF3D7_1222300.1 3.3 5.07 13.76 62.53 340.02 621.68 916.52 383.2
PF3D7_1228600.1 152 30.5 7.32 9.29 7.04 18.46 1249.84 3269.08
PF3D7_1240100.1 110.53 36.95 16.25 21.02 34.51 25.56 18.21 42.43
PF3D7_1244500.1 0.8 1.63 0.89 1.44 3.15 4.08 4.22 1.43
PF3D7_1250100.1 0.03 0.02 0.04 0.07 0.19 0.35 0.44 0.2
PF3D7_1252100.1 3.65 0.6 0.16 0.15 0.44 0.5 16.4 63.44
PF3D7_1252200.1 0.48 0.38 0.23 0.7 1.31 0.75 1.41 0.77
PF3D7_1253000.1 12.03 7.71 15.38 12.34 38.58 136.67 136.87 33.15
PF3D7_1253400.1 0.08 0.02 0.05 0.01 0.37 2.58 6.12 3
PF3D7_1253700.1 0.01 0 0 0.03 0.05 0 0.06 0
PF3D7_1254000.1 0.01 0.01 0.01 0.02 0.1 0 0 0.04
PF3D7_1254100.1 0 0.01 0.01 0.02 0.24 0.11 0 0
PF3D7_1254200.1 0.01 0 0.01 0.05 0.35 0.18 0.07 0.12
PF3D7_1254300.1 0 0 0 0 0.18 0 0.08 0.05
PF3D7_1254400.1 0.03 0.03 0.03 0.02 0.05 0.33 0.06 0.04
PF3D7_1254500.1 0.01 0.01 0.01 0.02 0.12 0.21 0.08 0
PF3D7_1254600.1 0.01 0 0 0 0.53 0.42 0 0
PF3D7_1255000.1 0.02 0.02 0.02 0.05 0.15 0.36 0 0.13
PF3D7_1300500.1 0.05 0.03 0.08 0.18 0.37 0.28 0.21 0.17
PF3D7_1300600.1 0.94 0.22 0.11 0.42 2.21 1.46 0.67 2.81
PF3D7_1300700.1 0.01 0.02 0.03 0.11 0.19 0.17 0.06 0
PF3D7_1300900.1 0.01 0.02 0.01 0.11 2.82 1.43 0.08 0.05
PF3D7_1301400.1 6.43 88.25 284.72 690.53 537.02 206.18 75.62 13.03
PF3D7_1301600.1 65.9 11.47 1.7 0.91 2.21 3.17 1.42 18.02
PF3D7_1301700.1 29.74 119.83 226.77 452.49 176.71 53.53 27.51 6.07
PF3D7_1302200.1 2.93 0.34 0.23 0.31 1.39 4.79 6.07 1.45
PF3D7_1311800.1 11.35 13.24 25.02 86.83 375.67 428.72 296.12 59.31
PF3D7_1320000.1 4.44 4.52 6.25 12.79 21.1 23.7 35.8 18.7
PF3D7_1322000.1 3 0.4 0.15 0.25 7.03 38.74 95.54 54.8
PF3D7_1323500.1 0.69 1.94 3.82 11.6 35.16 43.76 70.05 38.39
PF3D7_1334300.1 0.87 0.54 0.51 13.47 204.06 335.65 184.7 27
PF3D7_1334400.1 0.04 0.05 0.02 0.09 0.46 1.52 4.88 2.39
PF3D7_1334500.1 0.12 0.06 0.14 1.31 52.2 177.83 130.34 18.24
PF3D7_1334600.1 0.24 0.13 0.05 0.06 0.3 4.85 32.28 36
PF3D7_1334700.1 12.11 15.87 20.15 23.86 27.29 59.13 73.67 17.8
PF3D7_1334800.1 0.79 0.7 1.18 3.02 15.24 65.69 201.57 148.93
PF3D7_1335000.1 8.54 1.61 0.26 0.25 0.93 2.4 1.89 7.12
PF3D7_1335100.1 92.91 15.59 3 1.44 1.72 10.29 291.78 646.7
PF3D7_1335900.1 0.1 0.05 0.05 0.21 1.02 1.04 1.62 1.26
PF3D7_1338800.1 0.3 0.28 0.31 0.93 9.86 28.99 22.37 7.64
PF3D7_1340000.1 0.55 0.74 0.93 2.5 6.28 8.3 11.84 3.37
PF3D7_1340900.1 21.75 14.14 15.36 41.56 120.23 125.92 160.61 95.08
PF3D7_1341600.1 0.12 0.08 0.08 0.21 4.47 12.09 24.97 12.04
PF3D7_1342500.1 1.54 0.41 0.27 0.33 1.52 7.04 8.23 3.07
PF3D7_1344200.1 5.2 11.39 22.34 61.24 104.76 176.06 404.48 203.29
PF3D7_1345100.1 25.8 9.29 9.01 27.42 91.04 128.01 100.54 21.85
PF3D7_1346700.1 0.82 0.86 1 2.16 5.89 9.12 6.06 2.97
PF3D7_1346800.1 0.07 0.06 0.12 0.13 0.48 0.5 1.43 1.32
PF3D7_1353600.1 4.71 2.85 5.31 17.58 71.19 95.93 159.56 124.56
PF3D7_1364100.1 0.97 0.23 0.1 0.17 0.89 17.35 93.61 68.95
PF3D7_1371700.1 1.62 0.27 0.09 0.73 17.06 28.76 15.68 5.7
PF3D7_1372100.1 0.2 0.12 0.1 0.34 2.85 11.72 22.72 16.17
PF3D7_1372300.1 10.29 7.22 7.78 9.14 12.87 9.28 6.4 0.77
PF3D7_1372700.1 0.02 0.01 0 0.03 0.31 0.09 0 0
PF3D7_1372800.1 0 0.01 0.01 0.04 0.35 0.31 0.31 0.19
PF3D7_1373300.1 0 0.04 0.01 0.03 0.05 0 0 0
PF3D7_1373400.1 0.09 0.51 0.91 1.57 4.37 0.92 0.98 2.26
PF3D7_1400200.1 0.04 0.03 0.01 0.05 0.34 0.09 0.51 0.48
PF3D7_1400300.1 0.02 0.01 0.02 0.03 0.26 0 0 0.08
PF3D7_1400400.1 0.01 0.01 0.01 0.02 0.16 0 0 0.04
PF3D7_1400500.1 0.01 0.01 0.01 0.07 0.1 0.09 0.14 0
PF3D7_1400700.1 0 0.02 0 0 0.3 0.32 0.16 0
PF3D7_1400800.1 0.01 0.01 0.02 0.02 0.11 0.1 0.15 0.05
PF3D7_1401200.1 0.38 0.38 0.45 16.33 218.99 331.8 233.54 57.65
PF3D7_1401400.1 901.57 744.84 621.37 1062.18 997.25 320 135.02 107.19
PF3D7_1404300.1 0.1 0.14 0.09 0.09 0.17 0.31 1.15 1.07
PF3D7_1404900.1 94.48 36.87 28.26 73.97 274.83 362.93 382.58 131.35
PF3D7_1406300.1 4.7 0.81 0.85 3.24 39.21 97.82 133.14 45.17
PF3D7_1407000.1 0.11 0.05 0.1 0.2 0.77 0.97 0.46 0.23
PF3D7_1410400.1 43.12 7.67 1.53 0.78 0.45 0.89 86.97 599.26
PF3D7_1418100.1 0.02 0.01 0.02 0.06 0.34 0.67 0.87 0.31
PF3D7_1420700.1 106.14 61.61 51.33 154.64 516.37 610.16 593.19 98.88
PF3D7_1422500.1 0.49 0.19 0.15 0.31 1.88 13.62 39.55 29.55
PF3D7_1430200.1 4.4 0.96 0.52 0.8 1.64 5.17 10.22 45.65
PF3D7_1436300.1 78.14 36.32 25.95 69.67 153.59 82.15 44.03 21.25
PF3D7_1439000.1 1.36 0.31 0.29 0.92 6.77 37.51 116.48 146.74
PF3D7_1444300.1 3.18 1.59 2.23 7.78 40.49 68.38 84.93 65.21
PF3D7_1448400.1 0.37 0.2 0.28 2.24 20.38 44.3 79 41.51
PF3D7_1449000.1 0.43 0.14 0.1 0.24 0.64 0.25 0.93 1.11
PF3D7_1452000.1 3.7 0.62 0.15 0.17 0.29 0.3 6.86 38.12
PF3D7_1454400.1 5.47 5.19 9.01 33.58 184.31 190.68 143.82 40.74
PF3D7_1455800.1 0.07 0.08 0.08 0.16 0.66 1.99 1.78 0.98
PF3D7_1456800.1 14.57 17.25 24.64 64.99 199.32 157.74 77.84 23.16
PF3D7_1463900.1 6.83 1.01 0.29 0.33 0.66 1.32 12.84 77.26
PF3D7_1464600.1 40.48 15.75 16.27 49.16 234.45 211.84 154.7 57.84
PF3D7_1468500.1 0.7 0.53 0.99 4.05 16.19 50.11 85.89 86.03
PF3D7_1469200.1 5.71 1.06 0.26 0.28 1.24 5.88 13.93 23.4
PF3D7_1471100.1 89.16 39.92 35.73 227.08 2058.64 2645.43 1935.79 389.54
PF3D7_1472600.1 2.42 0.44 0.16 0.18 1.7 3.75 9.78 19.17
PF3D7_1475400.1 0.03 0.02 0.02 0.07 0.3 0.57 0.59 0.22
PF3D7_1475500.1 0.01 0.02 0.03 0.08 0.24 0.19 0.2 0.07
PF3D7_1476100.1 0.08 0.12 0.27 0.89 3.19 1.24 1.31 0.08
PF3D7_1476300.1 12.02 2.14 0.5 0.53 1.18 4.23 37.46 214.7
PF3D7_1476600.1 0.37 0.8 2.54 8.15 32.86 37.9 28.61 10.73
PF3D7_1477100.1 0.04 0.01 0.1 3.56 31.96 13.09 4.06 0.74
PF3D7_1477200.1 0 0.01 0.13 2.72 25.53 11.22 2.99 0.56
PF3D7_1477400.1 0.13 0.08 0.09 1.04 20.21 35.96 35.65 17.28
PF3D7_1478100.1 6.04 5.59 5.38 4.43 2.51 1.65 8.82 10.18
PF3D7_1479000.1 4.36 1.88 1.01 0.77 0.37 0.35 0.08 0.46
PF3D7_1479400.1 0.03 0.01 0.01 0.03 0.1 0 0 0.04
PF3D7_1479500.1 0.01 0.01 0 0.08 1.42 1.37 0.23 0.05
PF3D7_1479600.1 0.01 0.01 0.02 0 0 0.09 0 0
PF3D7_1479800.1 0.02 0 0.01 0.03 0.46 0 0 0
PF3D7_1479900.1 0 0.01 0 0 0.58 0.83 0.08 0
PF3D7_1480000.1 0 0.01 0.03 0.02 0.36 0.37 0 0
