id hr5 hr10 hr15 hr20 hr25 hr30 hr35 hr40
PF3D7_0103600.1 0.78 0.57 1.14 6.95 49.41 69.12 76.21 16.96
PF3D7_0106900.1 0.85 0.33 0.25 0.62 9.74 43.12 99.74 34.96
PF3D7_0107900.1 0.19 0.25 1.11 6.56 30.24 45.32 45.17 14.46
PF3D7_0111500.1 5.1 0.93 0.23 1.45 33.65 130.59 157.61 114.85
PF3D7_0203900.1 0.1 0.05 0.05 0.61 11.09 33.25 36.21 9.26
PF3D7_0204600.1 0.16 0.09 0.22 1.75 12.83 17.88 15.67 3.75
PF3D7_0206100.1 2.92 2.69 4.39 11.8 42.83 69.81 62.33 18.98
PF3D7_0208500.1 1.23 0.28 0.12 0.72 22.39 81.73 140.39 58.45
PF3D7_0209300.1 0.26 0.35 0.96 3.41 28.74 52.94 60.99 24.74
PF3D7_0211400.1 0.16 0.07 0.1 0.09 0.38 2.88 5.19 2.81
PF3D7_0302600.1 0.15 0.04 0.06 0.35 10.47 27.12 33.46 10.79
PF3D7_0305000.1 0.86 0.49 0.84 4.34 21.53 32.71 41.4 24.93
PF3D7_0307400.1 0.67 0.26 0.15 0.65 14.6 53.5 99.36 46.73
PF3D7_0307800.1 0.6 1.37 3.11 10.03 38.64 51.49 80.7 28.85
PF3D7_0311200.1 0.17 0.25 0.49 2.4 12.83 17.62 18.89 5.94
PF3D7_0313700.1 0.28 0.13 0.08 0.69 17.97 45.62 75 27.58
PF3D7_0313800.1 0.25 0.13 0.09 1.26 21.97 54.3 79.61 30.4
PF3D7_0314300.1 0.11 0.07 0.05 0.17 3.92 16.48 27.26 9.9
PF3D7_0316300.2 2.98 1.03 0.7 1.66 48.26 209.15 471.94 232.66
PF3D7_0316400.1 0.42 0.19 0.1 0.83 16.7 47.93 62.51 16.85
PF3D7_0319200.1 0.89 2.52 3.94 11.56 45.11 69.71 76.11 18.19
PF3D7_0321000.1 2.74 6.69 10.97 34.43 107.66 172.98 186.39 52.2
PF3D7_0408900.1 0.47 0.19 0.13 0.57 22.65 91.15 112.97 32.09
PF3D7_0408900.2 0.47 0.19 0.13 0.57 22.65 91.15 112.97 32.09
PF3D7_0410700.1 12.33 2.78 0.98 2.17 18.62 66.35 165.35 125.65
PF3D7_0411200.1 0.18 0.14 0.3 3.62 29.67 41.04 34.68 7.56
PF3D7_0414100.1 0.11 0.04 0.06 0.8 11.97 21.67 17.28 3.75
PF3D7_0414700.1 2.81 0.52 0.29 1.69 14.27 31.55 46.96 28.99
PF3D7_0416100.1 1.31 0.57 0.65 2 13.08 34.4 65.16 31.84
PF3D7_0420200.1 0.43 0.16 0.06 0.45 2.95 8.31 7.31 2.39
PF3D7_0503100.1 0.23 0.06 0.09 1.21 12.25 33.38 51.36 18.39
PF3D7_0505400.1 0.82 0.26 0.11 0.52 9.01 22.53 61.86 49.94
PF3D7_0508800.1 2.35 0.61 0.75 5.14 39.88 82.46 141.18 74.52
PF3D7_0509600.1 0.32 0.35 0.72 5.45 37.92 63.27 56.07 16.9
PF3D7_0514300.1 0.18 0.18 0.59 5.46 31.49 45.73 55.13 17.23
PF3D7_0516300.1 0.27 0.91 1.99 7.09 33.88 32.06 19.34 5.17
PF3D7_0518100.1 0.07 0.05 0.17 1.83 14.93 25.16 27.22 8.11
PF3D7_0520800.1 0.28 0.3 0.62 2.79 18.05 37.79 63.17 19.49
PF3D7_0521400.1 0.12 0.07 0.16 2.08 21.98 41.74 55.85 20.07
PF3D7_0522700.1 0.24 0.25 0.31 1.52 12.37 29.03 43.51 17.69
PF3D7_0526700.1 0.23 0.25 0.48 2.49 17.07 40.83 78.15 29.45
PF3D7_0529300.1 0.25 0.1 0.08 0.92 11.42 19.13 29.65 16.06
PF3D7_0530200.1 0.29 0.16 0.1 0.3 6.19 33.36 71.41 35.34
PF3D7_0602400.1 0.17 0.18 0.66 5.53 37.05 64.05 74.48 20.71
PF3D7_0604700.1 0.39 0.27 0.28 1.15 19.66 69.66 111.53 47.53
PF3D7_0607300.1 0.12 0.08 0.06 0.23 2.19 14.69 26.29 7.57
PF3D7_0608100.1 0.43 0.64 1.19 6.41 37.03 76.65 115.76 40.35
PF3D7_0615100.1 0.15 0.12 0.2 0.33 0.41 1.02 1.34 1.44
PF3D7_0616400.1 0.25 0.37 0.58 1.14 6.5 9.43 13.21 5.09
PF3D7_0622700.1 0.1 0.12 0.44 1.62 7.9 10.47 11.81 3.68
PF3D7_0623200.1 0.76 0.89 1.91 5.64 28.55 39.38 31.7 12.21
PF3D7_0624400.1 2.52 0.85 1.96 9.75 51.55 93.68 117.32 38.49
PF3D7_0626300.1 0.17 0.22 0.26 0.53 1.65 7.05 11.48 4.16
PF3D7_0628800.1 0.08 0.04 0.06 0.88 14.84 34.5 38.75 9.22
PF3D7_0704900.1 0.29 0.1 0.08 0.99 8.43 19.26 24.07 15.21
PF3D7_0706100.1 0.35 0.09 0.11 0.5 4.11 9.49 18.39 10.44
PF3D7_0707800.1 0.34 0.21 0.22 1.51 14.41 34.54 68.28 28.46
PF3D7_0711000.1 0.45 0.33 0.56 6.33 65.57 108.83 119.5 30.91
PF3D7_0716600.1 0.15 0.09 0.09 0.96 7.73 15.09 19.98 7.08
PF3D7_0719800.1 0.44 0.61 0.9 3.78 15.22 33.45 68.03 38.54
PF3D7_0723700.1 0.16 0.17 0.24 1.55 10.28 16.38 19.11 7.33
PF3D7_0727100.1 0.15 0.08 0.06 0.32 4.54 12.25 25.2 15.19
PF3D7_0727500.1 0.14 0.09 0.09 0.74 12.39 26.7 52.76 21.52
PF3D7_0728800.1 0.43 0.27 0.3 2.08 36.77 91.21 114.54 35.63
PF3D7_0729200.1 0.21 0.13 0.1 0.61 5.53 23.14 33.68 10.9
PF3D7_0804400.1 0.21 0.12 0.09 0.44 6.97 22.07 45.07 22.16
PF3D7_0806900.1 0.47 0.34 0.55 2.44 9.91 19.48 28.52 15.19
PF3D7_0811900.1 0.55 0.2 0.18 0.96 12.45 28 60.58 32.48
PF3D7_0812220.1 0.13 0.1 0.16 1.26 17.27 39.33 52.84 17.96
PF3D7_0813700.1 1.02 0.47 0.5 4.24 37.44 61.5 60.73 15.6
PF3D7_0815700.1 0.2 0.16 0.24 0.97 5.41 12.72 17.6 7.45
PF3D7_0815900.1 0.12 0.08 0.06 0.28 0.72 5.81 11.44 2.57
PF3D7_0816600.1 0.14 0.1 0.15 3.08 45.23 84.54 74.16 17.14
PF3D7_0820800.1 0.13 0.07 0.09 0.56 6.67 13.8 19.59 7.16
PF3D7_0823600.1 0.18 0.46 0.67 0.65 2.29 2.97 3.31 0.6
PF3D7_0827500.1 0.66 0.33 0.17 1.48 19.44 67.68 130.3 70.98
PF3D7_0827600.1 0.38 0.19 0.13 1.4 19.84 50.72 88.56 33.78
PF3D7_0828200.1 0.59 0.23 0.43 6.62 54.94 72.36 71.78 23.09
PF3D7_0904700.1 1.11 0.42 0.29 0.87 11.03 42.61 176.88 106.52
PF3D7_0906200.1 0.24 0.18 0.27 1.07 8.1 14.2 22.86 12.98
PF3D7_0907900.1 0.68 0.24 0.25 3.45 51 137.34 165.78 73.74
PF3D7_0911700.1 0.22 0.08 0.16 2.46 22.52 36.44 47.86 18.05
PF3D7_0913700.1 0.84 0.5 1.31 7.69 38.45 74.51 111 42.47
PF3D7_0913900.1 0.46 0.39 0.77 3.26 12.57 16.42 15.2 3.3
PF3D7_0914300.1 1.26 2.39 4.32 11.27 46.33 44.76 35.78 7.12
PF3D7_0916200.1 0.18 0.13 0.34 4 37.14 51.73 54.97 13.13
PF3D7_0916500.1 0.85 0.34 0.34 2.24 30.08 57.28 66.56 31.51
PF3D7_0918200.1 1.34 2.39 3.48 7.3 22 53.89 64.8 42.34
PF3D7_0920200.1 0.21 0.13 0.06 0.61 12.07 34.99 64.6 30.64
PF3D7_0920600.1 3.88 0.9 0.2 0.21 3.77 12.67 30.07 17.42
PF3D7_0921400.1 0.02 0.04 0.03 0.07 2.72 13.34 16.88 5.03
PF3D7_0922900.1 0.06 0.05 0.08 0.35 0.88 3.65 4.31 1.35
PF3D7_0925300.1 0.34 0.26 0.23 0.81 11.33 33.84 65.16 32.47
PF3D7_0929900.1 0.38 0.15 0.11 0.24 4.62 18.38 56.08 33.02
PF3D7_0930100.1 1.61 0.2 0.13 1.05 10.37 21.43 31.66 16.42
PF3D7_0934000.1 0.26 0.29 0.9 4.53 20.16 29.35 35.48 11.37
PF3D7_1005000.1 0.47 0.39 0.45 1.33 6.7 10.08 11.1 5.34
PF3D7_1005900.1 0.29 0.14 0.11 0.24 3.41 13.87 32.14 20.05
PF3D7_1015200.1 1.02 2.33 4.25 13.1 64.25 86.89 59.55 12.47
PF3D7_1015200.2 1.02 2.33 4.25 13.1 64.25 86.89 59.55 12.47
PF3D7_1018000.1 0.26 0.21 0.39 1.72 9.69 15.39 24.63 7.71
PF3D7_1020800.1 0.38 0.49 0.5 1.09 4.9 8.36 8.93 3.39
PF3D7_1021000.1 0.61 0.46 0.17 0.81 13.04 48.5 99.47 40.94
PF3D7_1021300.1 0.27 0.14 0.13 0.31 1.87 26.8 95.79 63.16
PF3D7_1022800.1 0.44 0.18 0.09 0.35 12.31 51.55 94.55 38.72
PF3D7_1025300.1 0.13 0.05 0.2 1.96 12.16 20.82 29.43 10.11
PF3D7_1032000.1 0.15 0.14 0.13 0.41 6.46 27.02 37.62 13.46
PF3D7_1037100.1 0.16 0.1 0.3 3.72 40.06 67.15 52.66 11.65
PF3D7_1103400.1 0.29 0.16 0.23 2.29 21.91 54.33 77.72 20.86
PF3D7_1106200.1 0.15 0.07 0.11 1.45 16.85 35.61 57.84 19.06
PF3D7_1106300.1 0.65 0.23 0.29 3.44 36.34 71.25 84.25 37.93
PF3D7_1106500.1 0.13 0.44 1.22 5.91 27.73 34.15 39.83 10.62
PF3D7_1114800.1 0.6 0.4 0.5 1.07 3.24 7.1 10.83 14.03
PF3D7_1117500.1 0.59 0.24 0.22 1.64 18.17 36.6 39.69 11.49
PF3D7_1120500.1 1.88 1.92 3.37 9.84 38.88 55.61 57.59 19.65
PF3D7_1124500.1 0.17 0.45 0.66 1.46 4.34 11.38 13.14 4.65
PF3D7_1126000.1 2.35 5.43 10.74 31.93 130.51 157.58 136.49 40
PF3D7_1144700.1 0.33 0.18 0.22 0.7 9.56 57.07 80.69 42.91
PF3D7_1145500.1 0.17 0.05 0.06 0.44 9.05 26.03 27.5 8.54
PF3D7_1205300.1 0.17 0.08 0.04 0.15 3.27 13.8 40.68 20.91
PF3D7_1205700.1 0.84 0.3 0.45 1.44 15.83 24.19 31.47 13.92
PF3D7_1207600.1 0.81 2.29 3.92 12.62 58.11 70.8 54.16 10.68
PF3D7_1209600.1 0.78 0.16 0.04 0.15 0.16 2.31 1.81 1.7
PF3D7_1212000.1 0.55 0.58 1.54 6.96 55.77 180.46 289.93 127.4
PF3D7_1212100.1 0.68 0.59 1.04 5.5 42.19 104.2 174.08 58.39
PF3D7_1216000.1 0.36 0.76 2.11 8.82 44.21 66.32 84.2 29.95
PF3D7_1217300.1 0.91 0.8 0.74 3.79 22.15 50.01 67.96 22.8
PF3D7_1220600.1 0.3 0.41 0.77 3.02 10.74 27.6 43.77 20.33
PF3D7_1221700.1 0.12 0.09 0.28 2.3 12.65 19.85 22.24 7.21
PF3D7_1221800.1 1.02 0.46 0.4 1.73 15.96 48.17 86.38 47.13
PF3D7_1223300.1 0.85 0.33 0.54 2.49 19.02 33.67 46.72 18.13
PF3D7_1225100.1 0.07 0.04 0.14 1.87 13.39 19.96 24.97 5.96
PF3D7_1228700.1 0.47 0.18 0.1 0.24 2.95 13.01 34.46 26.79
PF3D7_1229600.1 1.25 0.54 0.32 1.01 25.17 88.31 161.78 60.92
PF3D7_1232000.1 0.19 0.12 0.2 1.92 14.35 22.96 32.94 15.91
PF3D7_1232100.1 1.96 0.59 0.65 10.12 117.74 233.63 251.56 80.53
PF3D7_1234600.1 0.24 0.08 0.08 0.12 1.87 23.51 57.04 26.58
PF3D7_1239500.1 0.12 0.07 0.05 0.32 5.22 11.86 24.78 14.23
PF3D7_1244000.1 1.19 0.21 0.13 0.65 10.22 32.96 39.3 14.81
PF3D7_1244400.1 1.85 4.39 2.51 6.84 35.44 69.16 101.32 32.29
PF3D7_1251700.1 0.17 0.11 0.29 2.05 12.53 20.2 20.56 5.08
PF3D7_1304100.1 0.84 0.16 0.04 0.36 4.98 15.49 22.75 11.68
PF3D7_1304600.1 0.09 0.05 0.1 1.28 16.93 28.65 32.28 7.25
PF3D7_1305100.1 0.35 0.15 0.17 0.4 7.3 28.66 60.49 37.56
PF3D7_1306200.1 0.28 0.09 0.06 0.11 5 35.38 101.04 44.7
PF3D7_1307600.1 2.89 0.55 0.45 2.12 12.69 28.66 57.69 33.32
PF3D7_1308800.1 0.78 0.39 0.29 1.01 18.05 72.38 155.37 90.62
PF3D7_1312000.1 0.09 0.06 0.05 0.12 0.48 1.72 5.58 2.73
PF3D7_1313200.1 0.04 0.05 0.15 0.79 6.19 10.74 14.91 5.21
PF3D7_1313400.1 0.73 0.2 0.22 2.21 17.8 34.8 39.18 17.63
PF3D7_1318100.1 0.44 0.34 0.14 1.6 25.04 65.75 120.94 62.57
PF3D7_1318200.1 0.05 0.02 0.01 0.04 0.04 1.73 2.2 1.05
PF3D7_1320100.1 1 0.41 0.27 0.88 9.29 42.28 75.68 43.9
PF3D7_1323000.1 0.34 0.38 0.29 1.04 3.15 6.96 8.46 5.15
PF3D7_1323600.1 0.2 0.12 0.09 1.63 19.45 40.68 54.23 18.66
PF3D7_1329700.1 3.17 0.83 0.37 0.45 1.3 1.89 3.01 5.25
PF3D7_1332600.1 1.18 0.36 0.22 1.4 20.31 67.27 104.04 56.02
PF3D7_1333000.1 0.35 0.59 2.16 12.05 77.55 125.28 110.63 29.8
PF3D7_1333200.1 0.44 0.36 0.97 4.25 26.56 47.95 71.64 28.79
PF3D7_1337200.1 0.09 0.23 0.61 2.43 17.98 30.51 30.18 9.27
PF3D7_1338600.1 3.64 0.77 0.32 0.69 19.58 67.63 106.16 48.51
PF3D7_1343500.1 0.22 0.1 0.21 0.55 8.88 28.74 45 24.02
PF3D7_1344600.1 0.81 0.46 0.48 1.1 3.24 16.66 36.06 22.08
PF3D7_1345500.1 0.14 0.05 0.11 1.29 7.45 15.13 28.43 16.74
PF3D7_1350700.1 0.11 0.06 0.13 1.17 17.09 36.66 35.18 9.16
PF3D7_1351800.1 9.06 3.85 5.22 14.72 33.18 38.18 31.54 6.82
PF3D7_1352000.1 0.28 0.17 0.33 2.28 16.32 27.25 44.58 17.59
PF3D7_1357200.1 0.11 0.07 0.1 0.32 7.75 19.72 31.83 12.94
PF3D7_1358000.1 0.23 0.14 0.11 0.2 1.71 12.38 35.08 18.26
PF3D7_1358300.1 0.72 0.54 0.61 1.36 6.56 17.18 38.13 22.08
PF3D7_1363700.1 0.18 0.09 0.06 0.53 12.15 27.8 42.4 14.56
PF3D7_1364600.1 0.22 0.1 0.09 0.19 3.89 18.67 41.71 21.88
PF3D7_1367700.1 2.82 4.87 8.42 23.61 90.89 112.11 89.93 23.92
PF3D7_1369600.1 0.49 0.65 1.86 8.9 44.95 73.43 124.91 40.94
PF3D7_1405400.1 0.08 0.04 0.09 0.54 9 16.79 18.26 5.08
PF3D7_1406400.1 0.22 0.07 0.09 0.28 8.4 33.78 50.53 19.8
PF3D7_1406600.1 0.45 0.16 0.13 1.34 16.75 34.49 71.54 36.6
PF3D7_1409100.1 1.75 2.15 2.79 10.61 56.57 121.11 237.93 100.9
PF3D7_1411400.1 0.15 0.15 0.19 0.32 5.56 21.82 33.83 8.64
PF3D7_1411600.1 0.06 0.06 0.09 0.3 3.61 9.99 14.72 3.68
PF3D7_1411800.1 3.15 2.97 2.79 8.35 29.77 52.42 53.64 13.25
PF3D7_1413400.1 0.44 0.23 0.23 0.48 14.37 48.38 92.06 44.11
PF3D7_1413500.1 0.48 0.13 0.02 0.15 6.63 35.94 64.29 30.68
PF3D7_1416800.1 0.13 0.11 0.21 2.38 18.55 30.52 27.84 8.6
PF3D7_1419200.1 0.12 0.05 0.17 2.55 38.4 85.46 85.17 19.06
PF3D7_1419800.2 0.52 0.19 0.21 2.7 45.64 96.07 108 37.13
PF3D7_1420400.1 3.13 7.03 11.49 32.07 130.81 155.08 117.18 27.61
PF3D7_1427000.1 0.82 0.25 0.16 1.16 22.34 60.21 80.37 31.21
PF3D7_1428600.1 0.3 0.17 0.12 0.62 13.62 45.14 57.95 20.31
PF3D7_1429100.1 1.01 0.58 0.82 7.39 42.51 103.05 249.36 113.46
PF3D7_1430700.1 0.11 0.06 0.07 0.15 4.48 32.61 38.73 16.78
PF3D7_1433700.1 0.24 0.08 0.13 1.42 15.98 28.33 34.3 10.29
PF3D7_1436800.1 0.21 0.11 0.18 1.27 10.36 33.82 49.65 17.23
PF3D7_1437100.1 0.41 0.18 0.12 0.48 1.79 14.27 49.15 24.91
PF3D7_1440200.1 0.12 0.05 0.04 0.96 9.95 16.19 18.74 6.52
PF3D7_1440300.1 0.04 0.03 0.03 0.51 5.11 12.89 11.58 3.53
PF3D7_1443900.1 0.29 0.28 0.39 5.26 48.85 81.54 102.18 32.17
PF3D7_1446400.1 0.18 0.15 0.12 0.86 5.55 11.36 12.13 4.46
PF3D7_1452300.1 0.09 0.04 0.07 0.1 4.35 18.99 34.85 14.18
PF3D7_1467300.1 0.12 0.11 0.12 0.28 5.67 32.28 51.75 23.5
PF3D7_1469000.1 0.6 0.46 1.81 7.1 32.99 58.88 106.63 45.9
PF3D7_1469600.1 0.07 0.05 0.05 0.16 1.26 4.05 6.97 2.78
PF3D7_1470800.1 0.34 0.2 0.13 0.82 8.98 26.24 60.65 32.91
PF3D7_1472700.1 1.2 0.2 0.08 0.21 5.32 13.08 18.16 7.81
PF3D7_1472800.1 0.95 1.36 2.07 3.55 16.83 119.7 208.93 63.85
