id hr5 hr10 hr15 hr20 hr25 hr30 hr35 hr40
PF3D7_0100600.1 0.07 0.03 0.01 0.03 0.2 0.09 0.13 0.08
PF3D7_0100800.1 0 0 0 0 0 0 0 0
PF3D7_0100900.1 0.01 0 0.02 0.05 0.35 0.81 0.07 0
PF3D7_0101000.1 0.01 0.01 0 0.03 0.1 0 0.13 0
PF3D7_0101100.1 0.03 0.07 0.07 0.19 0.69 0.51 0.38 0.14
PF3D7_0101200.1 0.03 0.01 0.06 0.03 0.46 0.27 0.1 0
PF3D7_0101300.1 0.09 0.03 0.01 1.34 16.1 6.14 1.08 0.12
PF3D7_0101800.1 0 0 0.01 0.02 0 0 0 0
PF3D7_0101900.1 0.04 0.05 0.02 0.05 0 0.18 0 0.04
PF3D7_0102300.1 0.97 0.63 0.54 0.9 109.56 856.74 1157.56 224.87
PF3D7_0102500.1 64.84 11.81 1.54 1.26 0.72 1 1.75 29.36
PF3D7_0102600.1 0.46 0.22 0.91 7.65 29.72 14.03 9.21 1.89
PF3D7_0102700.1 6.02 3.41 2.18 2.53 9.62 12.06 8.48 2.36
PF3D7_0103200.1 1.54 1.58 3.9 17.43 131.12 184.31 179.75 72.04
PF3D7_0103600.1 0.78 0.57 1.14 6.95 49.41 69.12 76.21 16.96
PF3D7_0103900.1 0.21 0.26 0.63 4.19 39.77 81.33 105.06 29.22
PF3D7_0104000.1 0.2 0.12 0.1 0.36 0.22 1.34 6.52 6.9
PF3D7_0104200.1 48.04 8.01 1.64 6.07 47.87 63.88 71.96 47.78
PF3D7_0104500.1 0.59 2.64 6.71 28.1 143.09 198.54 137.45 20.61
PF3D7_0104700.1 0.05 0.04 0.04 0.02 0.22 0.66 0.72 0.16
PF3D7_0105400.1 6.11 1.17 0.22 0.33 0.5 1.12 10.39 78.92
PF3D7_0105400.2 6.11 1.17 0.22 0.33 0.5 1.12 10.39 78.92
PF3D7_0106600.1 0.82 0.21 0.16 0.53 1.07 2.42 5.12 3.24
PF3D7_0106900.1 0.85 0.33 0.25 0.62 9.74 43.12 99.74 34.96
PF3D7_0107300.1 0.13 0.07 0.04 0.1 1.2 3.86 3.26 0.98
PF3D7_0107700.1 0.18 0.13 0.13 0.41 7.47 24.39 28.93 9.51
PF3D7_0107900.1 0.19 0.25 1.11 6.56 30.24 45.32 45.17 14.46
PF3D7_0108700.1 1.5 2.5 4.17 14.37 46.9 77.63 123.83 50.38
PF3D7_0109100.1 2.87 0.52 0.28 0.42 0.67 1.25 1.04 1.77
PF3D7_0109850.1 0.3 0.17 0.31 1.29 3.24 9.92 27.27 19.9
PF3D7_0110000.1 2.13 2.18 2.59 7.4 34.31 66.63 68.68 24.51
PF3D7_0111500.1 5.1 0.93 0.23 1.45 33.65 130.59 157.61 114.85
PF3D7_0112000.1 0.29 0.45 1 3.41 20.37 36.14 47.09 17.58
PF3D7_0112100.1 0.14 0.2 0.44 0.75 0.54 1.34 0.28 0
PF3D7_0112800.1 2.39 2.08 2.22 3.63 7.75 9.88 10.83 7.68
PF3D7_0112900.1 4.58 0.61 0.3 0.84 1.79 4.67 3.45 2.53
PF3D7_0113000.1 7.8 64.95 104.92 313.06 893.43 1772.81 860.08 67.05
PF3D7_0113300.1 5.51 7.07 8.44 10.6 9.17 10.39 9.58 2.23
PF3D7_0113700.1 5.7 10.91 13.11 23.77 41.55 30.1 19.51 4.79
PF3D7_0113900.1 5.38 10.3 12.09 13.23 12.74 11.23 14.3 7.79
PF3D7_0114100.1 0.02 0.01 0.03 0.15 2.63 4.11 1.42 0.38
PF3D7_0114200.1 0.02 0.01 0.01 0.08 0.05 0.36 0.4 0.21
PF3D7_0114500.1 0.23 0.1 1.78 37.81 240.29 31.79 9.43 6.8
PF3D7_0114700.1 0.02 0.01 0.05 0.69 4.88 1.07 0.29 0.09
PF3D7_0114800.1 0.06 0.12 0.35 0.98 6.65 1.79 0.22 0.41
PF3D7_0115100.1 0.04 0.01 0.03 0.04 0.12 0.32 0.71 0.35
PF3D7_0115300.1 0.02 0.01 0 0.02 0.21 0 0.07 0.04
PF3D7_0115400.1 0.01 0 0.01 0.08 0.35 0.94 0.23 0.19
PF3D7_0115600.1 0.1 0.31 0.57 1.44 11.31 5.31 2.02 1.3
PF3D7_0200200.1 0.11 0.09 0.09 0.16 0.37 0.09 0.21 0.22
PF3D7_0200400.1 0 0.01 0.02 0 0 0.1 0 0.05
PF3D7_0200600.1 0 0 0.01 0.02 0.05 0.08 0.19 0.04
PF3D7_0201000.1 0.01 0.01 0.01 0 0.06 0.1 0.22 0
PF3D7_0201200.1 0 0 0.01 0.02 0.05 0.18 0.07 0.04
PF3D7_0201300.1 0 0 0.01 0 0.17 0.1 0.15 0.05
PF3D7_0201400.1 0.01 0 0 0.19 1.24 0.2 0.3 0.18
PF3D7_0201500.1 3.24 3.28 10.75 59.49 192.97 187.17 196.82 62.52
PF3D7_0201800.1 3.82 13.33 22.72 53.53 124.9 82.87 26.56 4.4
PF3D7_0201900.1 0.59 4.91 42.11 143.68 249.38 169.48 134.8 21.95
PF3D7_0202000.1 37.91 588.94 1118.02 2716.32 3896.93 2641.26 1461.82 313.19
PF3D7_0202500.1 1546.86 706 573.2 1355.24 1213.85 292.07 80.42 300.73
PF3D7_0203900.1 0.1 0.05 0.05 0.61 11.09 33.25 36.21 9.26
PF3D7_0204100.1 1.36 0.34 0.17 0.33 2.3 8.86 35.25 53.12
PF3D7_0204200.1 24.13 8.41 9.25 31.89 108.02 128.29 125.27 65.94
PF3D7_0204600.1 0.16 0.09 0.22 1.75 12.83 17.88 15.67 3.75
PF3D7_0206100.1 2.92 2.69 4.39 11.8 42.83 69.81 62.33 18.98
PF3D7_0206800.1 150.97 37.65 6.26 9.8 32.46 54.12 388.22 1430.83
PF3D7_0206900.1 36.73 6.7 1.08 1.83 18.6 54.07 54.55 34.55
PF3D7_0207000.1 60.57 11.76 1.96 2.13 30.31 195.25 639.29 790
PF3D7_0207400.1 1.15 0.43 0.14 0.07 0.45 14.37 128.84 111.33
PF3D7_0207500.1 0.94 0.28 0.08 0.06 0.15 12.39 151.99 170.08
PF3D7_0207600.1 9.38 1.61 0.36 0.29 0.34 27.05 820.68 1387.55
PF3D7_0207700.1 1 0.2 0.05 0.07 0.17 4.81 80.3 107.93
PF3D7_0207800.1 1.22 0.35 0.15 0.15 0.57 11.67 95.15 116.42
PF3D7_0207900.1 0.21 0.09 0.05 0.03 0.34 2.39 13.79 11.96
PF3D7_0208000.1 0.58 0.19 0.09 0.07 0.46 1.58 20.87 34.26
PF3D7_0208500.1 1.23 0.28 0.12 0.72 22.39 81.73 140.39 58.45
PF3D7_0208800.1 0.48 0.98 1.85 6 23.55 33.77 43.66 19.67
PF3D7_0208900.1 0.01 0.02 0.03 0.11 0.33 0.64 0.44 0.06
PF3D7_0209000.1 0.08 0.13 0.15 0.31 0.61 0.36 0.47 0.16
PF3D7_0209300.1 0.26 0.35 0.96 3.41 28.74 52.94 60.99 24.74
PF3D7_0210300.1 0.34 0.15 0.15 1.24 15.16 41 63.12 40.93
PF3D7_0210600.1 22.39 4.27 0.86 0.59 1.67 3.38 6.4 28.59
PF3D7_0210800.1 5.33 5.13 5.6 9.4 24.33 23.48 17.95 5.41
PF3D7_0211400.1 0.16 0.07 0.1 0.09 0.38 2.88 5.19 2.81
PF3D7_0211600.1 0.28 0.13 0.06 0.11 1.18 6.9 17.61 19.14
PF3D7_0211900.1 0.5 0.23 0.24 0.93 14.33 60.21 98.75 39.34
PF3D7_0212000.1 0.47 0.25 0.16 0.57 8.08 50.89 85.58 42.69
PF3D7_0212600.1 45.56 11.04 1.87 1.38 5.38 22.34 16.22 30.4
PF3D7_0214900.1 65.02 10.9 1.96 1.64 6.14 15.21 88.04 415.69
PF3D7_0215000.1 1.23 1.41 3.04 11.41 39.38 70.26 92.93 35.91
PF3D7_0215300.1 3.37 1.99 3.64 6.68 7.03 3.05 2.07 0.78
PF3D7_0215900.1 0.24 0.03 0.04 0.07 0.68 3.74 10.34 10.23
PF3D7_0216600.1 8.66 3.57 3.36 8.08 22.82 29.72 45.63 45.91
PF3D7_0216800.1 0.32 0.08 0.02 0.02 0.25 1.23 11.04 14.74
PF3D7_0217000.1 0.11 0.08 0.08 0.19 0.69 2.13 8.19 6.25
PF3D7_0218300.1 0.98 0.31 0.39 4.27 30.76 63.72 73.44 33.27
PF3D7_0219500.1 0.75 0.25 0.22 0.64 16.61 55.57 86.03 34.92
PF3D7_0219800.1 7.88 2.48 2.53 8.95 15.7 20.18 28.64 27.07
PF3D7_0220200.1 31.94 26.03 38.78 242.85 1496.09 1319.33 785.62 157.42
PF3D7_0220300.1 1.26 0.6 1.69 16.01 67.78 43.19 41.16 13.15
PF3D7_0220500.1 10.57 2.65 1.22 4.02 15.28 13.2 8.81 17.49
PF3D7_0220600.1 2.86 3.82 10.99 54.05 196.99 171.04 148.4 32.61
PF3D7_0220800.1 2.52 0.37 0.08 0.25 1.86 3.85 11.09 61.68
PF3D7_0221000.1 0.01 0.02 0.06 0.19 0.64 0.73 1.07 0.53
PF3D7_0221200.1 0.06 0.08 0.79 9.14 98.4 124.04 51.57 9.6
PF3D7_0221400.1 0.01 0 0.01 0.06 0.69 0.31 0.08 0.19
PF3D7_0222000.1 0 0 0 0 0 0.22 0 0
PF3D7_0222100.1 0.01 0.01 0.01 0.2 3.55 2.47 0.2 0.06
PF3D7_0222200.1 0.01 0.01 0 0.05 0.15 0.14 0 0
PF3D7_0222500.1 0.01 0 0.01 0.02 0 0.1 0.07 0
PF3D7_0222700.1 0.01 0 0.01 0 0 0.18 0 0
PF3D7_0222800.1 0.01 0.01 0.01 0.02 0.06 0.1 0 0.05
PF3D7_0223200.1 0 0.01 0 0 0.05 0.09 0 0
PF3D7_0223300.1 0.01 0 0 0 0.12 0.07 0.05 0.03
PF3D7_0223400.1 0.07 0.13 0.31 0.63 2.38 0.58 0.5 1.06
PF3D7_0300400.1 0.01 0 0 0 0 0.11 0 0.05
PF3D7_0300500.1 0 0 0 0.02 0 0.09 0.06 0
PF3D7_0300700.1 0 0 0 0.02 0 0 0.06 0.04
PF3D7_0300800.1 0.01 0 0.02 0.02 0 0.2 0 0.09
PF3D7_0300900.1 0.02 0.01 0.08 2.68 32.49 22.79 5.04 0.6
PF3D7_0301000.1 0.24 0.13 0.09 0.1 0.32 0.15 0.14 0.16
PF3D7_0301100.1 0.1 0.08 0.04 0.09 0.55 0.49 2.35 0.34
PF3D7_0301300.1 4.32 1.25 1.9 8.8 22.34 15.32 9.77 1.89
PF3D7_0301400.1 0.12 0.11 0.85 8.07 46.72 57.46 55 10.35
PF3D7_0302200.1 3.75 0.73 0.17 0.11 0.18 0.29 12.92 68.53
PF3D7_0302500.1 9.74 1.65 0.34 0.36 3.12 5.02 44.91 203.03
PF3D7_0302600.1 0.15 0.04 0.06 0.35 10.47 27.12 33.46 10.79
PF3D7_0303900.1 0.3 0.2 0.23 0.5 0.99 0.8 3.88 4.03
PF3D7_0304600.1 0.6 0.48 0.28 1.57 24.58 48.84 42.95 13.56
PF3D7_0304700.1 0.03 0.02 0.02 0.06 1.13 4.86 9.15 3.74
PF3D7_0305000.1 0.86 0.49 0.84 4.34 21.53 32.71 41.4 24.93
PF3D7_0306600.1 1.1 0.23 0.29 1.09 13.01 57.51 80.59 49.76
PF3D7_0306700.1 1.19 3.35 6 16.98 61.47 82.39 92.04 48.61
PF3D7_0307400.1 0.67 0.26 0.15 0.65 14.6 53.5 99.36 46.73
PF3D7_0307800.1 0.6 1.37 3.11 10.03 38.64 51.49 80.7 28.85
PF3D7_0309100.1 0.53 0.5 0.52 1.28 6.15 11.44 25.6 14.99
PF3D7_0310000.1 0.38 0.24 0.2 0.5 16.41 60.62 103.01 45.65
PF3D7_0310400.1 1 0.35 0.17 0.45 5.43 50.28 260.88 164
PF3D7_0310800.1 10.81 5.86 9.21 31.37 115.27 142.34 181.2 86.12
PF3D7_0311200.1 0.17 0.25 0.49 2.4 12.83 17.62 18.89 5.94
PF3D7_0311600.1 1.05 0.26 0.19 0.77 12.78 33.16 25.01 4.73
PF3D7_0311700.1 0.36 0.38 0.36 0.62 1.56 4.73 7.57 5.26
PF3D7_0312500.1 0.21 0.26 0.71 3.5 15.71 21.67 17.08 3.45
PF3D7_0313100.1 0.61 0.69 2.42 18.49 96.55 152.45 175.9 59.52
PF3D7_0313200.1 0.53 0.63 0.67 2.61 19.5 54.93 89.75 32.98
PF3D7_0313300.1 0.37 0.53 0.59 2.09 9.54 24.63 45.03 18.44
PF3D7_0313700.1 0.28 0.13 0.08 0.69 17.97 45.62 75 27.58
PF3D7_0313700.2 0.28 0.13 0.08 0.69 17.97 45.62 75 27.58
PF3D7_0313800.1 0.25 0.13 0.09 1.26 21.97 54.3 79.61 30.4
PF3D7_0313900.1 0.08 0.03 0.05 0.25 3.29 7.09 10.94 4.69
PF3D7_0314000.1 1.6 0.73 0.52 2.26 21.94 47.03 85.53 81.84
PF3D7_0314300.1 0.11 0.07 0.05 0.17 3.92 16.48 27.26 9.9
PF3D7_0315200.1 0.1 0.26 0.2 0.22 0.12 0.42 0.15 0.11
PF3D7_0315400.1 1 0.32 0.49 7.16 77.46 174.19 308.5 138.58
PF3D7_0315900.1 4.72 1.06 0.56 0.25 0.19 0.91 0.84 2.09
PF3D7_0316300.2 2.98 1.03 0.7 1.66 48.26 209.15 471.94 232.66
PF3D7_0316400.1 0.42 0.19 0.1 0.83 16.7 47.93 62.51 16.85
PF3D7_0317100.1 0.09 0.08 0.12 0.38 2.65 3.05 3.4 2.29
PF3D7_0318000.1 0.01 0.04 0.06 0.17 0.61 0.93 1.6 0.36
PF3D7_0318300.1 1.65 2.46 3.59 8.64 22.1 33.84 60.76 28.87
PF3D7_0318800.1 0.39 0.04 0.05 0.2 0.45 0.18 0.65 0.32
PF3D7_0318900.1 4.68 8.71 15.46 53.81 204.32 260.53 364.21 153.69
PF3D7_0319200.1 0.89 2.52 3.94 11.56 45.11 69.71 76.11 18.19
PF3D7_0320200.1 0.27 0.26 0.35 0.97 3.62 8.9 11.91 3.55
PF3D7_0320400.1 0.06 0.04 0.05 0.11 0.42 0.56 0.4 0.17
PF3D7_0321000.1 2.74 6.69 10.97 34.43 107.66 172.98 186.39 52.2
PF3D7_0323400.1 20.48 3.41 0.53 0.35 1.18 2.96 2.95 7.69
PF3D7_0324000.1 0 0 0.01 0.04 0 0.11 0.16 0
PF3D7_0324100.1 0.02 0.01 0.01 0.08 2.07 1.77 0.4 0.13
PF3D7_0324200.1 0.03 0.01 0.02 0.03 0 0.27 0.1 0.19
PF3D7_0324300.1 0.08 0.1 0.23 0.4 0.74 0.2 0.38 0.23
PF3D7_0324400.1 0 0 0 0 0.1 0 0 0.04
PF3D7_0324500.1 0.01 0 0.01 0 0 0.1 0.15 0.09
PF3D7_0324600.1 0.02 0 0 0.02 0.12 0.1 0.08 0.05
PF3D7_0324800.1 0.05 0.05 0.05 0.32 0.57 0.25 0.56 0.9
PF3D7_0400800.1 0.01 0.01 0 0.02 0.12 0.11 0.16 0
PF3D7_0400900.1 0.01 0 0.01 0.12 0.48 0.29 0.07 0
PF3D7_0401000.1 0.01 0 0.01 0.02 0.11 0.1 0 0.05
PF3D7_0401300.1 0.01 0 0.01 0.03 0.24 0.17 0 0
PF3D7_0401400.1 0.02 0 0.01 0.09 0.48 0 0.21 0.04
PF3D7_0401600.1 5.39 8.6 15.27 69.96 348.17 317.93 112.88 13.09
PF3D7_0401600.2 5.39 8.6 15.27 69.96 348.17 317.93 112.88 13.09
PF3D7_0401800.1 6.25 3.52 1.99 26.45 221.71 47.79 18.82 20.95
PF3D7_0401900.1 8.76 6.8 3.79 4 1.81 2.27 1.51 1.01
PF3D7_0402100.1 38.49 9.4 4.71 9.51 17.7 19.58 9.08 6.15
PF3D7_0402300.1 39.53 8.15 1.32 0.88 1.54 3.59 2.25 8.8
PF3D7_0402400.1 33.87 28 33.48 77.66 369.09 346.91 285.2 185.7
PF3D7_0402600.1 0.01 0.01 0.01 0.04 0.29 0.73 0.23 0.05
PF3D7_0402900.1 3.76 0.7 0.53 1.12 2.66 2.84 1.4 0.29
PF3D7_0403300.1 3.01 4.73 7.78 16.06 54.67 70.21 95.61 33.66
PF3D7_0404700.1 15.07 2.21 0.4 0.53 0.36 0.54 16.33 87.62
PF3D7_0404800.1 3 0.53 0.18 0.3 0.94 1.44 3.56 5.13
PF3D7_0404900.1 10.39 2.25 1.12 3.77 15.23 16.62 61 101.59
PF3D7_0405300.1 0.48 0.11 0.12 0.4 1.15 2.23 2.47 2.1
PF3D7_0405900.1 19.62 3.14 0.65 0.58 1.55 7.1 29.68 186.14
PF3D7_0406200.1 39.78 55.94 96.97 292.26 882.39 1185.97 863.77 510.15
PF3D7_0407100.1 1.12 1.23 1.75 3.17 18.66 28.58 32.17 11.94
PF3D7_0407200.1 3.76 5.31 7.01 18.87 67.29 85.23 94.87 23.82
PF3D7_0408600.1 0.63 0.15 0.03 0.04 0.41 4.35 6.33 3.65
PF3D7_0408700.1 0.04 0.03 0.02 0.06 0.51 0.93 0.88 0.77
PF3D7_0408800.1 0.01 0.02 0.01 0.07 0.11 0 0.22 0.14
PF3D7_0408900.1 0.47 0.19 0.13 0.57 22.65 91.15 112.97 32.09
PF3D7_0408900.2 0.47 0.19 0.13 0.57 22.65 91.15 112.97 32.09
PF3D7_0409000.1 0.17 0.08 0.09 0.34 2.59 3.79 8.45 4.82
PF3D7_0409500.1 0.37 0.16 0.1 0.28 1.91 34.43 61.03 28.11
PF3D7_0409700.1 1.72 0.44 0.29 2.26 22.4 41.2 52.96 29.09
PF3D7_0410700.1 12.33 2.78 0.98 2.17 18.62 66.35 165.35 125.65
PF3D7_0411200.1 0.18 0.14 0.3 3.62 29.67 41.04 34.68 7.56
PF3D7_0411700.1 0.12 0.12 0.11 0.25 1.15 0.23 0.5 0.31
PF3D7_0413200.1 0.01 0 0 0 0 0 0 0.04
PF3D7_0413300.1 0 0 0.01 0.03 0.05 0 0.07 0.04
PF3D7_0413800.1 0.14 0.07 0.06 0.4 2.97 8.63 17.79 9.03
PF3D7_0414100.1 0.11 0.04 0.06 0.8 11.97 21.67 17.28 3.75
PF3D7_0414700.1 2.81 0.52 0.29 1.69 14.27 31.55 46.96 28.99
PF3D7_0415700.1 2.01 0.34 0.06 0.29 4.3 15.75 32.57 14.41
PF3D7_0416100.1 1.31 0.57 0.65 2 13.08 34.4 65.16 31.84
PF3D7_0417000.1 0.05 0.05 0.05 0.15 0.45 1.26 0.76 0.47
PF3D7_0418800.1 0.3 0.2 0.29 0.38 0.54 1.2 0.71 0.44
PF3D7_0419200.1 2.17 1.32 2.28 5.84 29.29 62.32 134.79 94.56
PF3D7_0419400.1 0.49 0.09 0.04 0.07 0.24 0.97 14.59 24.54
PF3D7_0419700.1 9.28 1.45 0.32 0.69 1.74 3.19 17.69 82.73
PF3D7_0420200.1 0.43 0.16 0.06 0.45 2.95 8.31 7.31 2.39
PF3D7_0421200.1 0 0.01 0.01 0.02 0.05 0.09 0.13 0
PF3D7_0421900.1 0.57 0.3 0.2 0.73 2.71 0.88 0.65 1.01
PF3D7_0422000.1 0.37 0.41 2.07 10.53 45.66 69.07 62.77 24.33
PF3D7_0422100.1 0.42 1.76 4.1 14.63 64.87 111.49 147.08 58.41
PF3D7_0422800.1 1.07 0.37 0.11 0.46 3.02 11.64 26.42 15.96
PF3D7_0423300.1 20.66 3.09 0.9 1.04 2.49 5.75 31.89 156.06
PF3D7_0423400.1 9.99 1.63 0.43 0.19 1.22 0.87 12.59 71.61
PF3D7_0423700.1 19.48 11.61 6.98 26.86 266.24 607.54 1185.63 1225.31
PF3D7_0423800.1 9 1.64 0.53 0.57 2.45 11.89 15.44 18.98
PF3D7_0423900.1 23.7 8.22 4.48 7.34 17.51 16.09 10.89 11.42
PF3D7_0424000.1 1.86 0.57 1.22 45.79 233.41 152.36 37.83 6.55
PF3D7_0424100.1 23.34 3.07 0.58 1.39 6.74 5.26 2.91 13.41
PF3D7_0424200.1 28.47 4.72 0.72 0.67 2.82 5.08 2.83 5.46
PF3D7_0425100.1 11.4 8.78 10.56 12.04 6.03 2.14 0.68 1.2
PF3D7_0425200.1 3.19 1.89 1.65 2.42 1.54 0.27 0.4 0.38
PF3D7_0425500.1 0.02 0 0.01 0.19 4.08 1.55 0.46 0.19
PF3D7_0500400.1 0 0 0.01 0.06 0.05 0.08 0.31 0.04
PF3D7_0500500.1 0.01 0 0.03 0.04 0.23 0.1 0.45 0.14
PF3D7_0501200.1 0.44 1.43 7.18 69.37 580.54 543.65 338.91 47.92
PF3D7_0501500.1 7.55 1.43 0.36 0.34 0.35 0.31 18.73 131.58
PF3D7_0501600.1 17.24 2.69 0.69 0.37 0.53 0.79 28.33 212.78
PF3D7_0502400.1 8.11 8.97 12.86 23.19 20.43 14.17 8.91 3.25
PF3D7_0502500.1 0.1 0.06 0.06 0.21 0.6 1.69 1.88 0.51
PF3D7_0503100.1 0.23 0.06 0.09 1.21 12.25 33.38 51.36 18.39
PF3D7_0504200.1 1.69 0.34 0.18 1.29 21.78 48.1 50.4 20.39
PF3D7_0504500.1 0.45 0.26 0.28 0.7 1.48 2.63 3.03 5.26
PF3D7_0505400.1 0.82 0.26 0.11 0.52 9.01 22.53 61.86 49.94
PF3D7_0505700.1 2.08 4.23 5.84 20.1 75.66 139.43 219.93 62.61
PF3D7_0506400.1 1.75 0.29 0.05 0.2 0 0.81 1.39 3.22
PF3D7_0507200.1 1.35 0.24 0.23 0.74 2.24 2.33 7.34 15.2
PF3D7_0507300.1 5.26 0.65 0.12 0.17 0.44 0.81 0.62 1.41
PF3D7_0507400.1 18.88 2.59 0.4 0.31 0.46 1.64 5.44 16.11
PF3D7_0507500.1 32 6.3 1.09 0.93 2.19 2.93 3.31 20.95
PF3D7_0508000.1 2.62 0.58 0.27 0.37 0.3 0.72 48.44 124.02
PF3D7_0508200.1 0.35 0.16 0.16 0.4 2.74 16.37 32.47 20.25
PF3D7_0508800.1 2.35 0.61 0.75 5.14 39.88 82.46 141.18 74.52
PF3D7_0509600.1 0.32 0.35 0.72 5.45 37.92 63.27 56.07 16.9
PF3D7_0511100.1 0.07 0.05 0.3 1.47 2.66 4.73 8.33 5.68
PF3D7_0511400.1 0.13 0.08 0.1 0.32 1.72 2.14 1.52 0.53
PF3D7_0511600.1 5.81 1.66 1.98 3.57 11.13 16.13 24.59 58.52
PF3D7_0513000.1 0.37 0.26 0.59 2.68 18.61 46.56 51.17 15.58
PF3D7_0513500.1 0.5 1.35 3.29 16.04 58.67 76.36 49.31 12.19
PF3D7_0513700.1 0.14 0.09 0.1 0.31 1.33 3.6 3.6 1.28
PF3D7_0514200.1 0.32 0.23 0.52 1.98 7.45 14.59 31.83 18.69
PF3D7_0514300.1 0.18 0.18 0.59 5.46 31.49 45.73 55.13 17.23
PF3D7_0516300.1 0.27 0.91 1.99 7.09 33.88 32.06 19.34 5.17
PF3D7_0516600.1 0.79 0.25 0.44 3 25.94 49.53 68.73 23.15
PF3D7_0517100.1 0.29 0.4 0.26 1.84 14.59 23.64 20.72 4.38
PF3D7_0518100.1 0.07 0.05 0.17 1.83 14.93 25.16 27.22 8.11
PF3D7_0518800.1 0.26 0.27 0.44 1.35 2.61 2.63 1.25 1.64
PF3D7_0519900.1 0.2 0.22 0.47 1.7 13.98 26.29 47.58 19.83
PF3D7_0520800.1 0.28 0.3 0.62 2.79 18.05 37.79 63.17 19.49
PF3D7_0521400.1 0.12 0.07 0.16 2.08 21.98 41.74 55.85 20.07
PF3D7_0522500.1 0.67 0.27 0.15 0.21 10.85 41.31 87.04 56.81
PF3D7_0522600.1 1.71 0.35 0.08 0.06 0.26 0.52 9.47 29.49
PF3D7_0522700.1 0.24 0.25 0.31 1.52 12.37 29.03 43.51 17.69
PF3D7_0524200.1 0.54 0.26 0.08 0.49 1.03 1.42 2.85 3.84
PF3D7_0525700.1 8.05 1.42 0.37 0.62 5.78 25.3 40.52 40.23
PF3D7_0526100.1 0.14 0.06 0.09 0.46 9.66 21.82 22.75 8.1
PF3D7_0526700.1 0.23 0.25 0.48 2.49 17.07 40.83 78.15 29.45
PF3D7_0526900.1 4.21 9.43 15.26 48.64 126.54 188.58 238.96 98.25
PF3D7_0528900.1 0.52 0.39 0.21 1.08 2.17 2.2 2.34 1.08
PF3D7_0529000.1 3.29 2.08 3.11 9.23 33.12 41.09 52.94 26.44
PF3D7_0529100.1 0.22 0.17 0.35 2.72 20.07 38.01 47.4 17.42
PF3D7_0529300.1 0.25 0.1 0.08 0.92 11.42 19.13 29.65 16.06
PF3D7_0530200.1 0.29 0.16 0.1 0.3 6.19 33.36 71.41 35.34
PF3D7_0530300.1 1 0.24 0.1 0.25 2.41 7.79 22.41 22.71
PF3D7_0530500.1 0.05 0.06 0.07 0.25 0.91 1 1.66 0.4
PF3D7_0530750.1 0.19 0.88 1.53 4.72 25.37 43.62 34.76 18.65
PF3D7_0530800.1 0.4 0.32 0.37 1.84 8.22 16.06 26.08 10.58
PF3D7_0532100.1 99.67 198.44 275.18 1206.51 7532.53 6773.99 3065.14 769.62
PF3D7_0532200.1 0.21 0.26 0.32 0.65 4.3 10.96 13.52 9.46
PF3D7_0532500.1 0.07 0.04 0.54 10.12 97.09 85.47 59.1 12.49
PF3D7_0532600.1 0.13 0.06 0.95 36.25 398.9 223.64 77.96 7.88
PF3D7_0532900.1 0.04 0.07 0.23 1.03 6.57 5.63 3.21 0.77
PF3D7_0600500.1 0.02 0.09 0.15 0.44 3.09 1.01 0.62 0.39
PF3D7_0600600.1 0.06 0.01 0.02 0.05 0.44 0.36 0.53 0.43
PF3D7_0601000.1 0.01 0.06 0.09 0.15 0.97 0.51 0.68 0.09
PF3D7_0601100.1 0.34 0.46 0.6 1.25 2.92 1.23 0.7 0.19
PF3D7_0601200.1 0.13 0.09 0.48 2.88 24.71 11.13 2.08 0.68
PF3D7_0601300.1 0.01 0.01 0.02 0.02 0.19 0.22 0.16 0.05
PF3D7_0601500.1 0.01 0.03 0.3 1.68 6.26 6.13 3.68 1.15
PF3D7_0602300.1 0.01 0 0.03 0.02 0.34 1.8 3.03 0.97
PF3D7_0602400.1 0.17 0.18 0.66 5.53 37.05 64.05 74.48 20.71
PF3D7_0604400.1 0.24 0.13 0.42 1.22 8.13 15.66 21.7 6.65
PF3D7_0604700.1 0.39 0.27 0.28 1.15 19.66 69.66 111.53 47.53
PF3D7_0604900.1 0.4 0.4 0.35 0.92 24.6 108.29 84.79 21.91
PF3D7_0606800.1 0.69 0.28 0.21 0.41 1.89 28.25 84.27 67.85
PF3D7_0607300.1 0.12 0.08 0.06 0.23 2.19 14.69 26.29 7.57
PF3D7_0608100.1 0.43 0.64 1.19 6.41 37.03 76.65 115.76 40.35
PF3D7_0609100.1 3.4 3.28 6.27 20.63 65 77.4 68.48 34.43
PF3D7_0609500.1 0.06 0.04 0.08 0.29 0.35 0.38 0.83 0.76
PF3D7_0611100.1 0.38 0.17 0.05 0.21 2.54 23.63 60.64 39.21
PF3D7_0612300.1 0.11 0.04 0.02 0.05 1.19 3.71 5.67 6.34
PF3D7_0612700.1 11.05 2.12 1.07 3.48 14.03 16.3 48.12 98.43
PF3D7_0612800.1 0.37 0.63 0.98 3.22 9.69 17.11 18.82 7.84
PF3D7_0613100.1 4.79 3.33 5.28 16 65.86 90.92 113.34 82.82
PF3D7_0613200.1 0.35 0.3 0.07 0.19 6.11 55.26 118.19 46.85
PF3D7_0613400.1 2.14 0.77 0.37 1.92 26.89 95.54 192.36 124.6
PF3D7_0613600.1 3.52 0.65 0.15 0.28 3.93 11.29 13.55 8.51
PF3D7_0615100.1 0.15 0.12 0.2 0.33 0.41 1.02 1.34 1.44
PF3D7_0615300.1 0.29 0.28 0.36 1.07 8.46 27.11 48.77 21.17
PF3D7_0616400.1 0.25 0.37 0.58 1.14 6.5 9.43 13.21 5.09
PF3D7_0616500.1 0.05 0.02 0.03 0.12 0.28 0.46 0.25 0.11
PF3D7_0617600.1 0.01 0.02 0.01 0.12 3.11 5.09 2 0.19
PF3D7_0617700.1 0.02 0.01 0.01 0.11 0.48 0.19 0.21 0.04
PF3D7_0618400.1 0.06 0.04 0.04 0.09 0.27 0.68 0.97 0.56
PF3D7_0619100.1 0.3 0.31 0.71 2.9 11.59 19.05 19.85 10.6
PF3D7_0620000.1 0.08 0.09 0.06 0.13 0.74 2.3 2.85 0.34
PF3D7_0620200.1 0.13 0.05 0.03 0.22 0.27 0.39 0.43 1.07
PF3D7_0620400.1 3.13 0.62 0.11 0.12 0.44 0.78 2.7 12.16
PF3D7_0621000.1 0.46 0.31 1.35 7.93 33.12 38.96 49.46 13.39
PF3D7_0621350.1 0.96 0.56 0.7 2.03 3.45 2.04 1.67 1.15
PF3D7_0622000.1 0.5 0.34 0.64 1.46 8.92 11.98 15.18 9.54
PF3D7_0622200.1 3.16 6.76 11.86 31.94 86.56 87.01 79.5 17.47
PF3D7_0622700.1 0.1 0.12 0.44 1.62 7.9 10.47 11.81 3.68
PF3D7_0623200.1 0.76 0.89 1.91 5.64 28.55 39.38 31.7 12.21
PF3D7_0623300.1 0.33 0.29 0.35 0.67 16.03 55.43 82.04 47.93
PF3D7_0623500.1 0.76 1 1.7 3.85 14.23 32.8 51.22 20.43
PF3D7_0624300.1 0.75 0.45 0.51 2.4 8.69 11.86 12.63 9.75
PF3D7_0624400.1 2.52 0.85 1.96 9.75 51.55 93.68 117.32 38.49
PF3D7_0624700.1 0.29 0.07 0.1 0.38 1.86 22.23 48.86 24.63
PF3D7_0624800.1 0.13 0.04 0.05 0.1 0.2 0.5 0.71 1.28
PF3D7_0625400.1 7.26 3.21 4.1 10.26 16.38 9.23 4.67 3.41
PF3D7_0626300.1 0.17 0.22 0.26 0.53 1.65 7.05 11.48 4.16
PF3D7_0626600.1 0.35 0.32 0.45 1.09 3.41 7.55 11.79 6.76
PF3D7_0628800.1 0.08 0.04 0.06 0.88 14.84 34.5 38.75 9.22
PF3D7_0629200.1 2.13 4.17 9.09 32.35 141.04 224 294.66 118.92
PF3D7_0629300.1 4.62 0.99 0.12 0.09 0.27 0.66 0.73 4.65
PF3D7_0630000.1 0.09 0.06 0.08 0.17 0.63 0.9 0.33 0.15
PF3D7_0630200.1 0.89 0.25 0.19 0.86 2.87 2.08 2.57 1.71
PF3D7_0630400.1 0.95 0.2 0.16 0.3 0.41 1.86 11.45 24.33
PF3D7_0631100.1 0.02 0.05 0.22 1.4 4.72 5.4 3.69 1.21
PF3D7_0631300.1 0.01 0 0.01 0 0.13 0 0 0.05
PF3D7_0631400.1 0.03 0 0.02 0.48 4.06 2.04 0.3 0.06
PF3D7_0631500.1 0.29 0.22 0.5 0.99 1.54 0.95 0.1 0.19
PF3D7_0631600.1 0.08 0.05 0.05 0.23 0.57 0.41 0.15 0.09
PF3D7_0631800.1 0.01 0 0.01 0 0.05 0.18 0 0.04
PF3D7_0631900.1 0 0.01 0.01 0.04 2.98 3.01 0.31 0.1
PF3D7_0632000.1 0 0.01 0.01 0.03 0.1 0.08 0.06 0.04
PF3D7_0632100.1 0.02 0 0.01 0.02 0.11 0.1 0 0.09
PF3D7_0632300.1 0.01 0.02 0 0.02 0.05 0.09 0 0
PF3D7_0632400.1 0.02 0.02 0.09 0.25 0.89 0.42 0.31 0.81
PF3D7_0700200.1 0 0 0 0.02 0.93 0.19 0.22 0
PF3D7_0700300.1 0 0 0 0.02 0.06 0 0.07 0
PF3D7_0700400.1 0 0.01 0.01 0.02 0 0 0 0
PF3D7_0700500.1 0 0.02 0.02 0.1 0.69 0.18 0 0.12
PF3D7_0700800.1 0.1 0.03 0.07 1.11 18.83 10.18 1.9 0.19
PF3D7_0701500.1 0 0.02 0.01 0.05 0.23 0.14 0 0.13
PF3D7_0701600.1 0.04 0.05 0.13 1.94 30.4 17.35 3.84 0.25
PF3D7_0701700.1 0 0 0.01 0 0 0 0 0.05
PF3D7_0701800.1 0.04 0.01 0.01 0.04 0.05 0.09 0.14 0
PF3D7_0702000.1 119.66 83.73 60.3 55.48 46.92 15.37 6.05 5.31
PF3D7_0702300.1 22.93 24.73 22.53 29.05 17.58 8.05 4.38 0.76
PF3D7_0702600.1 0.66 0.51 0.74 1 1.41 1.43 1.32 0.66
PF3D7_0702900.1 2.73 4.51 8.43 21.77 95.53 159.56 219.01 85.43
PF3D7_0704900.1 0.29 0.1 0.08 0.99 8.43 19.26 24.07 15.21
PF3D7_0705800.1 0.35 0.29 0.54 1.55 10.25 26.63 24.34 5.38
PF3D7_0706100.1 0.35 0.09 0.11 0.5 4.11 9.49 18.39 10.44
PF3D7_0707300.1 149.27 25 5.13 3.74 2.39 3.03 264.06 1286.85
PF3D7_0707800.1 0.34 0.21 0.22 1.51 14.41 34.54 68.28 28.46
PF3D7_0709100.1 0.39 0.27 0.27 0.82 14.47 60.18 117.7 62.07
PF3D7_0709800.1 2.71 1.5 1.65 3.53 19.94 38.29 62.97 65.84
PF3D7_0710300.1 0.17 0.52 1.77 9.57 55.89 65.32 57.8 17.78
PF3D7_0710500.1 0.23 0.21 0.17 1.97 23.79 65.22 56.51 11.22
PF3D7_0711000.1 0.45 0.33 0.56 6.33 65.57 108.83 119.5 30.91
PF3D7_0713000.1 0 0 0 0 0.1 0.27 0.13 0.04
PF3D7_0713100.1 0.01 0.04 0.08 0.99 13.4 6.11 1.8 0.25
PF3D7_0713400.1 4.8 4.39 6.66 16.32 53.92 55.09 85.17 59
PF3D7_0713700.1 1.18 1.64 3.83 15.7 62.66 95.86 137.33 71.23
PF3D7_0715200.1 0.77 0.33 0.27 0.59 2.86 16.63 45.03 26.96
PF3D7_0715400.1 0.14 0.14 0.2 0.48 12.27 70.6 70.72 20.57
PF3D7_0716300.1 2.45 0.95 1.4 20.19 282.13 687.18 1225.14 556.2
PF3D7_0716600.1 0.15 0.09 0.09 0.96 7.73 15.09 19.98 7.08
PF3D7_0716900.1 0.6 1.34 2.58 10.66 56.13 80.56 73.88 23.18
PF3D7_0718300.1 0.07 0.02 0.02 0.04 0.14 0.27 0.32 0.14
PF3D7_0719400.1 1.2 0.48 0.49 1.32 9.83 30.07 83.05 52.89
PF3D7_0719800.1 0.44 0.61 0.9 3.78 15.22 33.45 68.03 38.54
PF3D7_0721100.1 1.68 0.67 1.45 30.95 419.23 926.98 1169.9 458.5
PF3D7_0721700.1 0.18 0.16 0.27 0.6 1.52 1.28 1.89 1.08
PF3D7_0721900.1 7.81 3.72 5.63 21.58 87.89 119.63 115.99 90.72
PF3D7_0722200.1 85.21 13.21 2.47 2.07 1.56 2.56 95.64 584.48
PF3D7_0722800.1 0.15 0.15 0.17 0.41 1.01 1.41 1.04 0.75
PF3D7_0723200.1 0.15 0.04 0.01 0.13 0.15 1.14 0.84 1.05
PF3D7_0723700.1 0.16 0.17 0.24 1.55 10.28 16.38 19.11 7.33
PF3D7_0724400.1 6.82 8.66 12.22 31.21 113.9 139.59 113.48 37.02
PF3D7_0725400.1 210.48 38 6.82 4.92 3.23 4.58 18.61 159.19
PF3D7_0726700.1 0.84 0.43 0.38 3.3 35.93 82.35 106.77 68.89
PF3D7_0727100.1 0.15 0.08 0.06 0.32 4.54 12.25 25.2 15.19
PF3D7_0727500.1 0.14 0.09 0.09 0.74 12.39 26.7 52.76 21.52
PF3D7_0728800.1 0.43 0.27 0.3 2.08 36.77 91.21 114.54 35.63
PF3D7_0729200.1 0.21 0.13 0.1 0.61 5.53 23.14 33.68 10.9
PF3D7_0730800.1 204.23 223.94 209.96 391.37 503.04 167.58 55.76 18.91
PF3D7_0730800.2 204.23 223.94 209.96 391.37 503.04 167.58 55.76 18.91
PF3D7_0731500.1 142.19 32.31 5.36 4.08 5.26 7.08 4.24 29.3
PF3D7_0731600.1 0.91 0.99 2.74 20.31 201.29 348.13 466.76 143.36
PF3D7_0731700.1 0.21 0.13 0.18 0.66 7.66 14.07 27.74 9.43
PF3D7_0731800.1 2.39 2.51 3.3 3.3 5.52 3.54 3.72 2.49
PF3D7_0732000.1 0 0.01 0.01 0 0.18 0.85 0.08 0.05
PF3D7_0732300.1 0.01 0 0.02 0.02 0.1 0 0.07 0.04
PF3D7_0732400.1 0.01 0.02 0.02 0.03 0.32 0.33 0 0.08
PF3D7_0732500.1 0.05 0.01 0.04 0.06 0.57 0.34 0.06 0.04
PF3D7_0732700.1 0.02 0 0.01 0.07 0 0.09 0 0.04
PF3D7_0732800.1 0 0 0 0.01 0.08 0.14 0 0.03
PF3D7_0800500.1 0 0.01 0 0.09 0.09 0.08 0.19 0
PF3D7_0800600.1 0.06 0.03 0.03 0.08 0.18 0.76 0.4 0.7
PF3D7_0800800.1 2.83 0.75 0.6 1.9 7.53 1.95 1.44 1.11
PF3D7_0801300.1 0.13 0.18 0.08 0.3 0.79 0.54 1.76 0.55
PF3D7_0804400.1 0.21 0.12 0.09 0.44 6.97 22.07 45.07 22.16
PF3D7_0805600.1 28.08 10.29 6.48 16.51 89.82 104.5 89.72 38.03
PF3D7_0806200.1 0.82 0.19 0.1 0.12 0.35 1.21 11 22.04
PF3D7_0806900.1 0.47 0.34 0.55 2.44 9.91 19.48 28.52 15.19
PF3D7_0807700.1 0.8 0.9 1.6 2.63 10.81 9.84 15.81 10.54
PF3D7_0808200.1 30.33 7.1 1.36 1.36 2.35 1.43 1.05 17.04
PF3D7_0808800.1 0.01 0.01 0.02 0.03 0.05 0 0.06 0
PF3D7_0808900.1 0.01 0.01 0.02 0.09 0.85 0.28 0.07 0.04
PF3D7_0810100.1 0.23 0.37 0.3 1.31 15.06 35.16 73.72 32.25
PF3D7_0811600.1 1.86 0.69 1.41 3.25 10.75 16.75 40.85 34.98
PF3D7_0811900.1 0.55 0.2 0.18 0.96 12.45 28 60.58 32.48
PF3D7_0812220.1 0.13 0.1 0.16 1.26 17.27 39.33 52.84 17.96
PF3D7_0812300.1 0.15 0.09 0.19 0.27 0.77 0.27 0.91 0.97
PF3D7_0813700.1 1.02 0.47 0.5 4.24 37.44 61.5 60.73 15.6
PF3D7_0815300.1 0.12 0.07 0.07 0.29 4.73 11.58 15.51 4.98
PF3D7_0815700.1 0.2 0.16 0.24 0.97 5.41 12.72 17.6 7.45
PF3D7_0815900.1 0.12 0.08 0.06 0.28 0.72 5.81 11.44 2.57
PF3D7_0816600.1 0.14 0.1 0.15 3.08 45.23 84.54 74.16 17.14
PF3D7_0817100.1 0.13 0.09 0.08 0.81 10.34 17.36 14.22 3.28
PF3D7_0817500.1 7.25 23.1 45.81 162.53 558.81 921.06 1197.77 559.17
PF3D7_0817800.1 3.36 0.87 0.5 1.18 8.07 57.28 92.18 92.06
PF3D7_0818600.1 5.08 0.91 0.59 1.24 3.69 8.63 13.05 8.67
PF3D7_0819200.1 0.05 0.09 0.12 0.31 1.57 2.14 1.51 0.49
PF3D7_0819400.1 0.03 0.03 0.03 0.08 0.65 0.24 0.64 0.31
PF3D7_0819700.1 0.44 0.11 0.08 0.63 2.52 4.75 11.27 13.1
PF3D7_0820100.1 0.13 0.12 0.26 1.22 13.57 32.47 33.4 9.75
PF3D7_0820300.1 12.82 8.95 9.77 23.09 52.98 48.69 69.24 48.91
PF3D7_0820600.1 0.17 0.09 0.08 0.14 2.45 11.88 18.72 14.54
PF3D7_0820800.1 0.13 0.07 0.09 0.56 6.67 13.8 19.59 7.16
PF3D7_0822700.1 0.18 0.08 0.08 0.19 1.27 5.14 4.1 0.74
PF3D7_0823600.1 0.18 0.46 0.67 0.65 2.29 2.97 3.31 0.6
PF3D7_0825200.1 0.51 0.17 0.1 0.57 5.35 32.07 59.55 41.34
PF3D7_0825700.1 0.08 0.09 0.11 0.31 0.64 0.72 2.2 0.85
PF3D7_0825800.1 0.26 0.22 0.34 0.82 2.11 3.88 4.06 2.24
PF3D7_0827400.1 0.36 0.37 0.34 0.78 2.19 4.75 5.52 5.43
PF3D7_0827500.1 0.66 0.33 0.17 1.48 19.44 67.68 130.3 70.98
PF3D7_0827600.1 0.38 0.19 0.13 1.4 19.84 50.72 88.56 33.78
PF3D7_0827700.1 0.03 0.03 0.01 0.07 0.24 0.7 0.71 0.41
PF3D7_0827900.1 7.18 18.05 40.13 155.55 614.16 1083.23 1640.72 780.38
PF3D7_0828200.1 0.59 0.23 0.43 6.62 54.94 72.36 71.78 23.09
PF3D7_0828800.1 23.96 5.02 0.87 0.62 1.35 1.96 2.11 6.89
PF3D7_0829200.1 0.24 0.24 0.45 7.11 100.82 147.02 77.18 18.87
PF3D7_0829600.1 0.18 0.07 0.16 0.24 0.42 1.47 3.54 4.24
PF3D7_0830300.1 0.15 0.13 0.17 0.42 6.62 15.95 7.89 1.08
PF3D7_0830400.1 24.54 23.85 31.98 78.5 304.72 322.34 264.43 112.91
PF3D7_0830900.1 4.81 1.17 4.88 31.43 124.4 74.11 44.71 16.61
PF3D7_0831300.1 1.31 1.19 1.11 3.55 28.02 104.21 114.14 27.87
PF3D7_0831400.1 0.1 0.08 0.68 50.05 972.65 1039.93 278.94 17.52
PF3D7_0831600.1 2.41 0.38 0.12 0.15 0.41 1.22 9.92 40.1
PF3D7_0831700.1 34.28 82.93 119.68 240.37 647.44 937.51 465.66 64.2
PF3D7_0832000.1 0.06 0.05 0.07 0.72 13.38 8.08 3.37 0.52
PF3D7_0832400.1 0.01 0 0.03 0 0.58 0.41 0.15 0.14
PF3D7_0832500.1 0 0.01 0.01 0.05 0.65 0.29 0.14 0.04
PF3D7_0832600.1 0.01 0 0.03 0.46 0.39 0.59 0.29 0
PF3D7_0832900.1 0.02 0.01 0.01 0.12 1.57 1.34 0.38 0.1
PF3D7_0833000.1 0 0 0.02 0.05 0.24 0.17 0.13 0.04
PF3D7_0833100.1 0 0.02 0.02 0.05 0.29 0.09 0.13 0.08
PF3D7_0833200.1 0 0 0.01 0 0.05 0.09 0.07 0.08
PF3D7_0833400.1 0.01 0.01 0.01 0.03 0.36 0 0.14 0.77
PF3D7_0900200.1 0.08 0.21 0.34 1.06 1.7 0.84 1.36 3.66
PF3D7_0900300.1 0.03 0.04 0.02 0.02 0.1 0 0.06 0.16
PF3D7_0900500.1 1.97 0.48 0.12 0.29 1.31 0.28 0.62 4.62
PF3D7_0900600.1 0.02 0 0.03 0.03 0.19 0 0.13 0.12
PF3D7_0900700.1 0.01 0 0.01 0.03 0.14 0.08 0.24 0
PF3D7_0900900.1 0 0 0.01 0 0.18 0 0 0
PF3D7_0901000.1 0.01 0 0.01 0 0.23 0.2 0.15 0.05
PF3D7_0901100.1 0.01 0 0 0.02 0 0 0.07 0
PF3D7_0901400.1 0.01 0 0 0.07 0 0.18 0 0.08
PF3D7_0901500.1 0.04 0.01 0.03 0.16 0.53 0.43 0.25 0
PF3D7_0901600.1 0 0.01 0.01 0.02 0.12 0.41 0.23 0.05
PF3D7_0901700.1 0.52 0.29 0.3 5.41 81.24 143.15 155.97 58.16
PF3D7_0902000.1 1.18 1.18 1.61 3.51 24.46 29.36 14.48 2.24
PF3D7_0902200.1 2.23 2.2 3.81 15.6 55.26 52.22 28.98 9.91
PF3D7_0902400.1 0.4 0.27 0.23 0.32 3.94 12.69 14.79 5.39
PF3D7_0902500.1 17.8 10.58 12.06 11.24 10.11 4.68 3.14 2.3
PF3D7_0902600.1 0.42 0.69 1.66 5.76 12.61 18.76 12.64 3.36
PF3D7_0902800.1 0.15 0.07 0.08 0.26 3.62 27.65 48.66 23.82
PF3D7_0902900.1 0.1 0.15 0.76 7.13 22.76 16.82 9.71 3.94
PF3D7_0903800.1 0.07 0.05 0.07 0.22 0.7 1.1 1.18 0.31
PF3D7_0904200.1 1.2 1.56 1.62 4.47 10.12 11.18 10.56 3.86
PF3D7_0904300.1 0.04 0.02 0.02 0.1 0.41 0.84 0.9 0.46
PF3D7_0904400.1 0.43 0.16 0.24 1.96 23.96 58.43 127.67 84.71
PF3D7_0904700.1 1.11 0.42 0.29 0.87 11.03 42.61 176.88 106.52
PF3D7_0905400.1 41.28 7.31 1.8 1.46 1.34 7.61 337.13 1238.04
PF3D7_0906200.1 0.24 0.18 0.27 1.07 8.1 14.2 22.86 12.98
PF3D7_0907800.1 1.56 1.22 2.22 7.78 32.74 64.65 99.93 76.09
PF3D7_0907900.1 0.68 0.24 0.25 3.45 51 137.34 165.78 73.74
PF3D7_0908000.1 1.31 0.52 1.31 3.31 7.71 17.15 43 52.22
PF3D7_0908100.1 0.49 0.1 0.04 0.15 0.63 4.16 13.26 7
PF3D7_0908300.1 0.56 0.35 0.23 0.71 17.35 91.42 160.67 65.71
PF3D7_0908300.2 0.56 0.35 0.23 0.71 17.35 91.42 160.67 65.71
PF3D7_0909200.1 0.18 0.05 0.06 0.15 0.64 0.6 0.79 0.62
PF3D7_0909600.1 1.14 0.45 0.2 0.67 9.8 40.67 100.87 66.3
PF3D7_0910300.1 1.18 1.3 2.51 10.82 40.15 46.64 35.4 21.04
PF3D7_0910800.1 0.39 0.54 1.05 5.09 27.15 52.46 59.08 28.82
PF3D7_0911300.1 0.05 0.02 0.03 0.1 0.42 0.83 0.76 0.28
PF3D7_0911600.1 0.49 0.24 0.11 0.25 4.83 26.39 73.69 29.67
PF3D7_0911700.1 0.22 0.08 0.16 2.46 22.52 36.44 47.86 18.05
PF3D7_0911900.1 23.91 19.79 29.56 77.48 210.27 217.25 251.73 108.74
PF3D7_0912200.1 0.49 0.67 0.7 1.57 2.78 2.36 3.23 1.5
PF3D7_0912400.1 0.91 0.65 0.79 4.3 39.13 139.62 188.45 60.89
PF3D7_0913500.1 0.48 0.43 1.3 5.17 12.67 38.2 69.83 41.95
PF3D7_0913700.1 0.84 0.5 1.31 7.69 38.45 74.51 111 42.47
PF3D7_0913900.1 0.46 0.39 0.77 3.26 12.57 16.42 15.2 3.3
PF3D7_0914000.1 1.04 0.62 0.9 3.76 16.16 21.02 17.3 4.54
PF3D7_0914200.1 6.56 4.05 3.85 8.71 24.07 32.11 38.02 24.65
PF3D7_0914300.1 1.26 2.39 4.32 11.27 46.33 44.76 35.78 7.12
PF3D7_0916100.1 0.78 0.76 1.8 3.99 11.77 28.54 45.23 16.59
PF3D7_0916200.1 0.18 0.13 0.34 4 37.14 51.73 54.97 13.13
PF3D7_0916300.1 0.52 0.16 0.12 0.28 0.48 1.08 8.1 13.17
PF3D7_0916500.1 0.85 0.34 0.34 2.24 30.08 57.28 66.56 31.51
PF3D7_0917200.1 0.22 0.09 0.06 0.16 0.16 0.39 1 4.78
PF3D7_0917900.1 22.14 46.56 104.26 341.86 922.11 1392.77 2706.46 1911.73
PF3D7_0918000.1 13.86 2.93 1.08 1.69 13.24 124.03 494.21 610.96
PF3D7_0918200.1 1.34 2.39 3.48 7.3 22 53.89 64.8 42.34
PF3D7_0918400.1 0.08 0.06 0.06 0.16 1 4.59 7.08 3.78
PF3D7_0918800.1 1.7 2.3 3.67 8.85 36.07 37.83 26.88 6.33
PF3D7_0919100.1 3.88 6.43 11.24 30.59 101.76 156.33 312.32 185.7
PF3D7_0919400.1 0.42 0.21 0.16 0.22 1.58 22.16 80.09 65.79
PF3D7_0919500.1 0.08 0.05 0.06 0.1 2.87 8.85 7.51 3.32
PF3D7_0919600.1 0.11 0.08 0.09 0.81 22.74 65.64 65.88 15.3
PF3D7_0920200.1 0.21 0.13 0.06 0.61 12.07 34.99 64.6 30.64
PF3D7_0920300.1 0.16 0.24 0.11 0.44 3.4 13.74 16.58 5.56
PF3D7_0920600.1 3.88 0.9 0.2 0.21 3.77 12.67 30.07 17.42
PF3D7_0921400.1 0.02 0.04 0.03 0.07 2.72 13.34 16.88 5.03
PF3D7_0922300.1 0.39 0.26 0.17 0.45 1.4 6.98 7.73 1.97
PF3D7_0922900.1 0.06 0.05 0.08 0.35 0.88 3.65 4.31 1.35
PF3D7_0923200.1 0.83 2.34 4.51 14.52 60.89 65.71 36.69 5.26
PF3D7_0923300.1 0.08 0.19 0.28 1.14 4.32 3.18 1.58 0.62
PF3D7_0924500.1 0.86 0.33 0.29 0.85 3.43 4.37 18.48 26.35
PF3D7_0925100.1 0.12 0.1 0.15 0.37 1.69 2.18 1.27 1.13
PF3D7_0925300.1 0.34 0.26 0.23 0.81 11.33 33.84 65.16 32.47
PF3D7_0925900.1 83.46 55.15 60.23 182.76 1183.76 1347.14 708.82 122.92
PF3D7_0926200.1 33.33 7.41 4.46 18.43 96.99 136.31 172.64 82.86
PF3D7_0926400.1 0.76 0.53 0.91 2.05 4.69 16.11 50.64 32.71
PF3D7_0926600.1 0.19 0.06 0.06 0.09 0.39 1.3 2.36 0.93
PF3D7_0929400.1 12.2 2.06 0.49 0.43 0.67 6.12 152.25 439.46
PF3D7_0929900.1 0.38 0.15 0.11 0.24 4.62 18.38 56.08 33.02
PF3D7_0930100.1 1.61 0.2 0.13 1.05 10.37 21.43 31.66 16.42
PF3D7_0930300.1 205.75 44.42 7.14 4.07 3.62 59.9 754.62 1215.6
PF3D7_0931500.1 3.15 1.55 3.09 10.45 48.27 79.19 129.08 85.46
PF3D7_0932100.1 14.35 4.16 1.89 2.32 6.27 24.36 86.04 95.25
PF3D7_0932500.1 0.36 0.12 0.09 0.35 4.17 10.18 20.19 17.26
PF3D7_0932600.1 0.3 0.11 0.05 0.71 12.46 30.61 54.49 19.54
PF3D7_0933300.1 0.43 0.1 0.13 0.44 9.61 38.01 53.99 20.63
PF3D7_0934000.1 0.26 0.29 0.9 4.53 20.16 29.35 35.48 11.37
PF3D7_0935100.1 9.45 13.14 20.89 51.13 158.12 209.31 330.07 142.89
PF3D7_0935300.1 1.6 1.5 2.26 4.29 12.08 25.56 38.7 21.64
PF3D7_0935800.1 3.69 0.6 0.19 0.25 1.19 4.6 84.86 194.44
PF3D7_0936100.1 1.42 1.64 3.62 17.83 61.07 148.59 197.69 95.51
PF3D7_0936200.1 0.18 0.37 1.5 19.95 151.63 115.24 54.11 9.7
PF3D7_0936500.1 0.69 2.72 4.25 5.18 6.97 6.79 5.28 2.18
PF3D7_0937000.1 0.01 0 0.01 0.05 0.69 1.32 2.86 1.26
PF3D7_0937100.1 0.06 0.02 0.08 0.18 0.55 2.07 3.14 1.4
PF3D7_0937300.1 0.02 0.01 0.03 0.08 0.1 0.08 0.06 0.08
PF3D7_0937400.1 0.05 0.03 0.01 0.08 0.15 0 0.13 0.04
PF3D7_1000300.1 0.02 0.03 0.02 0 0 0 0 0.08
PF3D7_1000500.1 0 0 0.02 0.03 0.05 0.26 0 0.04
PF3D7_1000600.1 0.04 0.4 0.34 2.34 27.52 9.49 2.31 0.68
PF3D7_1001000.1 0.03 0.11 3.55 34.08 234.07 173.27 69.97 7.63
PF3D7_1001400.1 2.71 5.01 11.18 22.31 10.11 8.34 3.66 0.85
PF3D7_1001500.1 117.5 213.08 387.51 821.23 558.88 168.89 51.9 14.37
PF3D7_1001700.1 11.58 7.37 10.22 15.61 21.48 56.4 98.43 76.12
PF3D7_1002300.1 0.03 0.08 0.04 0.2 1.61 4.24 2.43 0.4
PF3D7_1003200.1 0.42 0.15 0.18 1.09 12.34 24.89 26.75 6.38
PF3D7_1005000.1 0.47 0.39 0.45 1.33 6.7 10.08 11.1 5.34
PF3D7_1005300.1 0.04 0.05 0.06 0.14 0.21 0.92 1.56 0.67
PF3D7_1005900.1 0.29 0.14 0.11 0.24 3.41 13.87 32.14 20.05
PF3D7_1006300.1 0.22 0.17 0.32 1.02 3.58 5.03 4.85 0.91
PF3D7_1007000.1 0.44 1.8 5.73 21.24 68.58 98.13 101.67 49.14
PF3D7_1008500.1 1.58 1.14 1.44 3.83 8.95 17.59 42.18 36.03
PF3D7_1009100.1 0.15 0.04 0.11 0.33 0.99 1.03 1.08 0.31
PF3D7_1009600.1 0.16 0.12 0.41 2.63 23.75 35.63 23.78 4.78
PF3D7_1010700.1 1.62 5.19 13.2 52.93 198.75 266.23 270.27 113.47
PF3D7_1012200.1 45.58 7.29 1.45 1.1 2.58 6.7 57.36 363.56
PF3D7_1013000.1 0.98 0.49 0.89 2.94 16.02 17.17 20.36 13.62
PF3D7_1013300.1 0.35 0.63 1.5 4.86 23.29 35.06 48.99 16.42
PF3D7_1013700.1 0.81 0.1 0.12 0.73 9.34 16.9 22.89 15.04
PF3D7_1014100.1 29.11 5.25 0.79 0.36 0.2 0.24 0.51 16.14
PF3D7_1014200.1 0.02 0.03 0.02 0.03 0.1 0.25 0.05 0.34
PF3D7_1015200.1 1.02 2.33 4.25 13.1 64.25 86.89 59.55 12.47
PF3D7_1015200.2 1.02 2.33 4.25 13.1 64.25 86.89 59.55 12.47
PF3D7_1016100.1 1 0.16 0.1 0.23 0.76 1.71 1.71 1.46
PF3D7_1016900.1 21.23 25.46 20.75 45.89 153.31 395.1 568.64 265.4
PF3D7_1017100.1 12.33 1.72 0.51 0.38 6.17 35.56 60.72 142.79
PF3D7_1017300.2 2.73 0.8 0.92 3.45 32.33 51.59 42.35 16.01
PF3D7_1018000.1 0.26 0.21 0.39 1.72 9.69 15.39 24.63 7.71
PF3D7_1018300.1 6.33 3.46 3.67 9.46 33.35 38.36 42.1 13.52
PF3D7_1019800.1 0.79 0.24 0.16 1 22.73 55.63 53.67 19.12
PF3D7_1020800.1 0.38 0.49 0.5 1.09 4.9 8.36 8.93 3.39
PF3D7_1021000.1 0.61 0.46 0.17 0.81 13.04 48.5 99.47 40.94
PF3D7_1021300.1 0.27 0.14 0.13 0.31 1.87 26.8 95.79 63.16
PF3D7_1021400.1 1.03 1.96 3.65 9.55 30.88 52.44 87.78 48.27
PF3D7_1022300.1 0.09 0.11 0.06 0.22 4.58 25.42 18.76 4.63
PF3D7_1022800.1 0.44 0.18 0.09 0.35 12.31 51.55 94.55 38.72
PF3D7_1023300.1 1.32 0.6 0.16 1.84 23.97 85.06 115.42 37.72
PF3D7_1024000.1 4.1 1.36 1.2 7.78 50.39 86.9 99.43 28.96
PF3D7_1024800.1 24.39 32.99 41.71 93.86 173.24 212.23 268.36 61.17
PF3D7_1025300.1 0.13 0.05 0.2 1.96 12.16 20.82 29.43 10.11
PF3D7_1028700.1 111.92 19.37 2.58 1.81 4.02 23.55 66.46 97.6
PF3D7_1029700.1 0.04 0.05 0.04 0.2 0.27 0.57 0.51 0.47
PF3D7_1030200.1 9.08 1.96 0.54 0.77 1.3 2.17 3.2 23.61
PF3D7_1030900.1 1.12 0.17 0.18 0.4 1.14 2.3 6.58 12.79
PF3D7_1031000.1 1.32 1.19 1.7 4.23 12.79 10.12 10.46 9.78
PF3D7_1031900.1 0.09 0.06 0.09 0.17 2.69 8.18 7.66 2.53
PF3D7_1032000.1 0.15 0.14 0.13 0.41 6.46 27.02 37.62 13.46
PF3D7_1032500.1 0.57 1.19 3.2 11.22 46.08 75.06 109.94 74.63
PF3D7_1033200.1 3.91 4.7 15.43 79.25 399.21 280.08 464.04 244.27
PF3D7_1033800.1 0.07 0.05 0.07 0.17 0.35 0.77 1.24 0.29
PF3D7_1034100.1 0.17 0.09 0.15 0.33 2.27 9.83 18.64 7.41
PF3D7_1034200.1 0.11 0.06 0.1 0.27 3.14 12.45 19.8 15.72
PF3D7_1035100.1 3.01 0.52 0.12 0.16 0.19 0.56 28.02 61.46
PF3D7_1035200.1 108.37 13.44 1.94 1.1 0.45 2.69 284.69 1039.74
PF3D7_1035300.1 12.86 2.94 0.62 0.5 0.24 0.28 1.87 28.15
PF3D7_1035400.1 385.84 75.1 12.45 8.39 23.56 77.83 285.58 671.27
PF3D7_1035500.1 349.36 63.74 10.32 10.6 65.45 44.04 17.13 334.1
PF3D7_1035700.1 55.88 10.98 1.35 0.77 0.53 1.4 42.85 117.58
PF3D7_1035800.1 0.28 0.22 1.24 9.17 18.38 10.34 4.31 1.65
PF3D7_1035900.1 42.17 7.48 1.13 0.79 1.97 2.5 16.16 104.73
PF3D7_1036000.1 83.36 18.39 2.63 1.42 1.71 2.41 13.92 40.7
PF3D7_1036300.1 3.22 0.9 0.22 0.25 0.61 0.04 0.49 3.67
PF3D7_1036400.1 0.82 0.2 0.03 0.06 0.11 0.08 0.16 0.11
PF3D7_1037100.1 0.16 0.1 0.3 3.72 40.06 67.15 52.66 11.65
PF3D7_1038000.1 110.15 108.49 153.22 367.89 1379.84 2229.73 3379.08 2680.78
PF3D7_1038000.2 110.15 108.49 153.22 367.89 1379.84 2229.73 3379.08 2680.78
PF3D7_1039700.1 0.04 0.01 0.02 0.08 2.99 1.22 0.1 0.38
PF3D7_1039800.1 0.02 0.01 0.01 0.05 0.15 0 0.2 0.06
PF3D7_1039900.1 0.05 0.12 0.09 0.34 0.8 0.31 0.53 0.05
PF3D7_1040000.1 0.01 0.01 0 0 0.05 0.09 0 0
PF3D7_1040100.1 0 0 0 0 0.11 0.1 0 0
PF3D7_1040200.1 0 0 0 0.81 12.42 9.37 0.91 0.19
PF3D7_1040300.1 0.01 0.09 0.06 0.39 5.44 2.83 0.43 0.04
PF3D7_1040400.1 0.01 0 0.01 0 0.05 0 0.07 0
PF3D7_1040500.1 0.02 0 0 0.02 0.3 0.54 0 0.04
PF3D7_1040600.1 0 0 0 0.02 0.16 0 0 0
PF3D7_1040700.1 0 0 0 0.02 0 0 0 0
PF3D7_1040800.1 0.01 0.01 0 0.02 0.12 0 0.08 0
PF3D7_1040900.1 0.02 0 0.01 0.02 0.06 0.2 0 0
PF3D7_1041000.1 0.01 0.01 0.01 0.03 0.48 0.17 0 0.04
PF3D7_1041100.1 0.01 0 0 0 0.05 0.09 0 0.13
PF3D7_1100400.1 0.01 0 0.01 0 0.05 0.1 0 0
PF3D7_1100500.1 0 0 0.02 0.07 1.46 0.38 0.28 0.09
PF3D7_1100800.1 0.04 0.01 0.02 0.46 8.42 6.52 1.3 0.13
PF3D7_1101200.1 0 0 0 0 0 0.18 0 0
PF3D7_1101300.1 0.01 0.01 0.03 0.36 3.27 0.67 0.28 0.09
PF3D7_1101500.1 0.05 0.1 0.22 0.36 0.69 0.61 0.45 0.14
PF3D7_1101600.1 0.01 0.01 0.01 0.05 0.15 0.14 0 0.06
PF3D7_1101700.1 0 0.01 0.04 0.25 3.37 0.54 0.5 0.06
PF3D7_1101800.1 0.01 0.01 0.02 0.04 0.06 0 0.16 0
PF3D7_1102300.1 1.22 4.73 6.47 14.48 22.54 11.44 8.39 2.13
PF3D7_1102700.1 687.62 373.31 347.64 707.6 724.03 293.46 136.51 106.6
PF3D7_1102800.1 3126.71 1988.71 1372.19 1876.32 2114.14 721.6 300.15 590.84
PF3D7_1103400.1 0.29 0.16 0.23 2.29 21.91 54.33 77.72 20.86
PF3D7_1103500.1 0.11 0.14 0.18 0.25 0.91 1.24 1.79 0.4
PF3D7_1104400.1 2.34 7.2 15.24 45.79 115.11 190.65 369.39 161.05
PF3D7_1105300.1 2.1 0.44 0.17 0.64 8.31 22.76 36.24 24.97
PF3D7_1105600.1 24.17 10.78 7.22 19.94 67.7 68.11 49.03 13.74
PF3D7_1105800.1 4.92 3.44 5.1 26.24 161.42 219.11 192.85 83.51
PF3D7_1105900.1 0.11 0.14 0.16 1.1 7.21 10.19 6.99 3.05
PF3D7_1106100.1 0.33 0.33 0.62 2.18 9.73 29.29 63.83 31.33
PF3D7_1106200.1 0.15 0.07 0.11 1.45 16.85 35.61 57.84 19.06
PF3D7_1106300.1 0.65 0.23 0.29 3.44 36.34 71.25 84.25 37.93
PF3D7_1106500.1 0.13 0.44 1.22 5.91 27.73 34.15 39.83 10.62
PF3D7_1108600.1 7.26 8.65 23.57 96.54 339 894.1 1969.12 1212.99
PF3D7_1108700.1 2.34 4.69 6.83 22.32 70.15 115.36 201.84 133.49
PF3D7_1112000.1 9.84 4.79 6.55 17.55 75.17 86.31 101 60.61
PF3D7_1114800.1 0.6 0.4 0.5 1.07 3.24 7.1 10.83 14.03
PF3D7_1115100.1 0.11 0.25 0.14 0.63 1.15 3.07 6.49 4.1
PF3D7_1115600.1 2.85 2.34 3.61 14.49 54.45 150.61 479.03 463.13
PF3D7_1115900.1 3.31 1.76 0.83 1.5 4.89 8.04 12.34 19.1
PF3D7_1116000.1 13.46 2.62 0.57 0.52 1.26 5.06 32.47 143.71
PF3D7_1116700.1 15.34 12.6 16.32 61.78 273.87 233.42 168.21 38.29
PF3D7_1116800.1 55.74 24.06 20.7 52.14 97.5 51.82 35.08 13.16
PF3D7_1117300.1 10.22 5.94 7.59 17.09 30.97 61.79 130.89 84.91
PF3D7_1117500.1 0.59 0.24 0.22 1.64 18.17 36.6 39.69 11.49
PF3D7_1118900.1 0.23 0.16 0.3 1.56 14.48 23.28 27.83 13.81
PF3D7_1119000.1 0.72 0.54 1 7.76 77.57 154.98 210.76 75.11
PF3D7_1120200.1 8.4 4.59 6.24 21.97 91.96 111.76 189.38 160.45
PF3D7_1120500.1 1.88 1.92 3.37 9.84 38.88 55.61 57.59 19.65
PF3D7_1121500.1 0.17 0.11 0.1 0.24 1.58 12.21 18.57 7.79
PF3D7_1121600.1 298.17 145.85 122.74 518.71 3116.7 3161.77 2099.75 607.45
PF3D7_1121800.1 0.08 0.05 0.05 0.14 0.34 0.61 0.92 0.27
PF3D7_1122100.1 0.13 0.09 0.06 0.17 1.59 10.28 20.01 8.73
PF3D7_1122300.1 2.04 1.89 2.2 4.22 5.89 4 11.63 12.7
PF3D7_1122700.1 0.7 0.17 0.1 0.09 1.39 8.65 51.35 51.49
PF3D7_1123500.1 3.36 3.68 6.46 18.09 38.76 45.76 58.4 20.66
PF3D7_1124000.1 1.23 1.66 1.92 5 12.8 23.39 49.01 41.59
PF3D7_1124500.1 0.17 0.45 0.66 1.46 4.34 11.38 13.14 4.65
PF3D7_1125000.1 0.52 0.3 0.29 1.09 4.21 23.17 58.1 43.02
PF3D7_1126000.1 2.35 5.43 10.74 31.93 130.51 157.58 136.49 40
PF3D7_1127400.1 0.27 0.18 0.67 2.31 12.1 25.4 29.36 11.88
PF3D7_1127500.1 1.23 0.31 0.21 0.66 4.68 18.16 51.71 36.73
PF3D7_1128700.1 0.64 0.22 0.14 0.35 2.48 11.73 33.76 33.27
PF3D7_1129100.1 72.06 47.54 49.47 163.94 904.13 793.02 645.41 216.49
PF3D7_1131900.1 0.12 0.05 0.07 0.13 1.3 3.61 4.37 1.23
PF3D7_1132800.1 8.66 1.37 0.89 6.72 70.55 131 175.91 249.37
PF3D7_1133000.1 7.81 1.75 2.18 4.7 13.02 13.65 69 172.64
PF3D7_1133400.1 62.06 14.01 2.21 1.05 0.83 3.08 22.51 43.9
PF3D7_1133800.1 2.03 1.63 2.84 10.46 51.33 73.33 111.06 63.64
PF3D7_1133900.1 1.88 2.18 3.03 6.72 19.69 46.28 76.3 41.23
PF3D7_1134100.1 0.4 0.17 0.42 1.84 14.57 50.97 88.64 45.95
PF3D7_1135000.2 0.15 0.09 0.13 0.42 6.67 44.13 48.28 17.75
PF3D7_1135000.3 0.15 0.09 0.13 0.42 6.67 44.13 48.28 17.75
PF3D7_1135400.1 1.61 5.78 11.72 28.6 55.01 102.32 102.77 45.41
PF3D7_1136100.1 0.06 0.03 0.04 0.1 1.91 8.62 9.14 1.28
PF3D7_1136200.1 5.47 0.98 0.22 0.22 0.55 1.85 14.71 74.01
PF3D7_1136900.1 8.8 3.21 1.1 1.57 2.09 3.4 2.98 8.24
PF3D7_1137500.1 0.93 0.28 0.24 1.02 9.34 48.44 124.22 87.46
PF3D7_1140000.1 0.09 0.02 0.06 0.13 0.21 0.47 0.58 0.46
PF3D7_1141600.1 0.08 0.06 0.19 1.36 10.86 26.9 38.38 12.89
PF3D7_1143000.1 0.26 0.11 0.17 0.12 1.48 6.09 14.39 10.53
PF3D7_1143200.1 2.14 0.43 0.37 2.32 10.37 21.82 174.65 177.29
PF3D7_1144700.1 0.33 0.18 0.22 0.7 9.56 57.07 80.69 42.91
PF3D7_1145500.1 0.17 0.05 0.06 0.44 9.05 26.03 27.5 8.54
PF3D7_1146100.1 0.88 0.53 0.48 0.94 1.82 8.77 7.4 1.73
PF3D7_1147800.1 1.15 1.13 1.98 7.76 17.42 17.56 21.29 6.16
PF3D7_1147800.2 1.15 1.13 1.98 7.76 17.42 17.56 21.29 6.16
PF3D7_1148700.1 4.4 27.09 68.5 174.15 130.62 87.55 71.15 17.52
PF3D7_1149300.1 3.71 0.85 0.61 0.84 5.03 8.14 5.14 1.55
PF3D7_1149400.1 0.17 0.14 3.78 71.38 642.76 539.31 257.49 23.9
PF3D7_1149800.1 0.01 0.07 0.09 0.37 3.21 1.5 0.22 0.09
PF3D7_1149900.1 0.01 0.01 0.01 0.08 1.84 3.06 0.75 0.14
PF3D7_1150000.1 0 0.01 0.01 0.02 0.05 0.34 0.06 0.08
PF3D7_1150200.1 0.01 0.01 0.02 0.09 0.1 0.09 0.34 0.17
PF3D7_1200200.1 0.08 0.09 0.18 0.29 1.45 0.66 1.23 3.06
PF3D7_1200300.1 0 0.04 0.03 0.03 0 0.18 0.07 0
PF3D7_1200500.1 0.97 1.38 1.16 1.4 2.5 6.13 13.33 18.43
PF3D7_1200700.1 116.88 104.04 74.18 60.61 37.58 35.58 23.46 7.61
PF3D7_1200800.1 4.33 4.01 4.65 8.92 31.33 23.35 19.98 4.52
PF3D7_1201000.1 1.04 1.13 10.24 328.46 3043.38 2747.95 935.78 78.26
PF3D7_1201300.1 0.44 0.58 0.28 0.22 1.16 0.59 1.74 0.27
PF3D7_1201400.1 0.35 0.33 0.41 0.91 4.7 14.47 12.21 1.77
PF3D7_1201600.1 0.16 0.08 0.09 0.3 1.02 6.16 10.23 5
PF3D7_1204400.1 0.37 0.3 0.36 0.81 3.45 3.42 3.19 1.37
PF3D7_1204900.1 47.01 8.72 1.67 1.75 5.83 6.97 13.32 35.22
PF3D7_1205300.1 0.17 0.08 0.04 0.15 3.27 13.8 40.68 20.91
PF3D7_1205700.1 0.84 0.3 0.45 1.44 15.83 24.19 31.47 13.92
PF3D7_1206000.1 6.64 0.92 0.23 0.4 1.4 3.72 13.27 79.72
PF3D7_1207300.1 0.29 0.27 0.36 0.8 2.74 3.44 2.11 0.66
PF3D7_1207500.1 0.68 0.31 0.67 1.57 13.49 32.71 50.84 32.19
PF3D7_1207600.1 0.81 2.29 3.92 12.62 58.11 70.8 54.16 10.68
PF3D7_1207700.1 1.21 0.33 0.29 0.73 3.92 6.03 6.06 1.31
PF3D7_1208000.1 0.22 0.23 0.38 1.01 7.49 10.83 21.99 9.86
PF3D7_1208200.1 0.04 0.03 0.03 0.07 0.27 0.76 0.71 0.26
PF3D7_1209600.1 0.78 0.16 0.04 0.15 0.16 2.31 1.81 1.7
PF3D7_1210000.1 0.61 0.29 0.22 2.32 25.75 49.85 79.35 45.83
PF3D7_1212000.1 0.55 0.58 1.54 6.96 55.77 180.46 289.93 127.4
PF3D7_1212100.1 0.68 0.59 1.04 5.5 42.19 104.2 174.08 58.39
PF3D7_1212500.1 1 2.06 3.79 8.47 17.09 47.15 90.6 55.7
PF3D7_1213500.1 0.05 0.04 0.02 0.08 1.17 1.62 1.4 0.89
PF3D7_1214500.1 0.13 0.46 0.88 2.89 6.55 9.94 10.7 3.1
PF3D7_1214800.1 0.1 0.17 0.21 0.75 1.94 5.44 3.17 1.85
PF3D7_1215900.1 0.29 0.4 0.76 2.81 8.74 15.7 27.58 17.14
PF3D7_1216000.1 0.36 0.76 2.11 8.82 44.21 66.32 84.2 29.95
PF3D7_1216400.1 2.85 3.95 5.5 12.3 25.83 41.58 62.38 31.08
PF3D7_1216500.1 9.58 11.55 11.89 23.06 47.91 32.92 36.88 29.28
PF3D7_1216600.1 0.65 0.17 0.07 0.16 0.49 0.17 0.13 0.16
PF3D7_1216700.1 0.22 0.15 0.22 0.92 4.17 4.31 3.94 0.95
PF3D7_1217300.1 0.91 0.8 0.74 3.79 22.15 50.01 67.96 22.8
PF3D7_1218000.1 8.55 1.6 0.27 0.35 0.86 1.25 2.77 7.73
PF3D7_1218100.1 1.81 0.18 0.08 0.15 0.31 0.81 2.96 2.41
PF3D7_1218800.1 0.17 0.15 0.22 0.45 1.62 2.25 1.73 1.12
PF3D7_1220600.1 0.3 0.41 0.77 3.02 10.74 27.6 43.77 20.33
PF3D7_1221100.1 0.29 0.18 0.36 1.17 8.03 16.17 15.95 7.11
PF3D7_1221700.1 0.12 0.09 0.28 2.3 12.65 19.85 22.24 7.21
PF3D7_1221800.1 1.02 0.46 0.4 1.73 15.96 48.17 86.38 47.13
PF3D7_1222000.1 0.12 0.19 0.27 0.87 3.71 5.42 6.57 2.16
PF3D7_1222300.1 3.3 5.07 13.76 62.53 340.02 621.68 916.52 383.2
PF3D7_1223300.1 0.85 0.33 0.54 2.49 19.02 33.67 46.72 18.13
PF3D7_1225100.1 0.07 0.04 0.14 1.87 13.39 19.96 24.97 5.96
PF3D7_1226900.1 0.87 0.25 0.16 1.32 9.17 22.17 35.87 14.62
PF3D7_1228600.1 152 30.5 7.32 9.29 7.04 18.46 1249.84 3269.08
PF3D7_1228700.1 0.47 0.18 0.1 0.24 2.95 13.01 34.46 26.79
PF3D7_1229300.1 2.72 0.54 0.41 1.63 4.48 9.47 44.17 62.66
PF3D7_1229600.1 1.25 0.54 0.32 1.01 25.17 88.31 161.78 60.92
PF3D7_1232000.1 0.19 0.12 0.2 1.92 14.35 22.96 32.94 15.91
PF3D7_1232100.1 1.96 0.59 0.65 10.12 117.74 233.63 251.56 80.53
PF3D7_1232700.1 1.88 0.26 0.11 0.27 1.28 4.91 12.72 15.48
PF3D7_1234400.1 0.03 0.04 0.05 0.12 0.32 0.62 0.6 0.15
PF3D7_1234600.1 0.24 0.08 0.08 0.12 1.87 23.51 57.04 26.58
PF3D7_1234700.1 0.08 0.11 0.11 0.31 1.06 1.4 2.22 1.81
PF3D7_1236400.1 1.32 1.54 2.18 4.67 11.46 23.19 40.6 24.97
PF3D7_1236700.1 1.15 0.16 0.3 5.03 38.41 57.07 58.17 22.66
PF3D7_1236800.1 2.62 0.42 0.17 0.27 2.3 13.78 37.26 42.02
PF3D7_1237900.1 34.5 15.13 12.97 29.23 106.86 132.8 91.29 26.03
PF3D7_1239400.1 0.2 0.11 0.18 0.49 1.48 2.28 2.33 0.81
PF3D7_1239500.1 0.12 0.07 0.05 0.32 5.22 11.86 24.78 14.23
PF3D7_1240100.1 110.53 36.95 16.25 21.02 34.51 25.56 18.21 42.43
PF3D7_1241900.1 6.31 5.78 7.7 18.76 59.7 87.62 128.55 60.79
PF3D7_1242000.1 0.21 0.13 0.21 0.5 2.57 5.39 17.27 14.26
PF3D7_1242200.1 0.4 0.92 1.88 7.64 33.02 49.77 65.45 24.21
PF3D7_1244000.1 1.19 0.21 0.13 0.65 10.22 32.96 39.3 14.81
PF3D7_1244400.1 1.85 4.39 2.51 6.84 35.44 69.16 101.32 32.29
PF3D7_1244500.1 0.8 1.63 0.89 1.44 3.15 4.08 4.22 1.43
PF3D7_1245800.1 13.54 4.56 3.96 12.41 37.16 51.34 56.04 22.84
PF3D7_1246000.1 0.08 0.14 0.21 0.45 1.47 0.98 1.44 0.51
PF3D7_1247600.1 0.39 0.11 0.04 0.13 0.36 1.27 1.41 2.05
PF3D7_1247800.1 1.43 0.37 0.33 0.71 1.5 1.07 2.32 5.82
PF3D7_1248300.1 0.16 0.11 0.21 0.68 12.1 33.79 52.75 32.27
PF3D7_1248600.1 0.51 0.19 0.13 0.42 2.83 20.79 50.41 27.13
PF3D7_1249900.1 1.74 3.5 5.26 18.35 83.63 142.6 150.45 39.9
PF3D7_1250100.1 0.03 0.02 0.04 0.07 0.19 0.35 0.44 0.2
PF3D7_1250200.1 6.24 2.82 3.36 10.9 32.65 32.26 33.19 26.67
PF3D7_1251000.1 0.21 0.07 0.06 0.16 0.76 1.35 0.99 0.39
PF3D7_1251700.1 0.17 0.11 0.29 2.05 12.53 20.2 20.56 5.08
PF3D7_1252100.1 3.65 0.6 0.16 0.15 0.44 0.5 16.4 63.44
PF3D7_1252200.1 0.48 0.38 0.23 0.7 1.31 0.75 1.41 0.77
PF3D7_1252900.1 37.93 18.81 13.34 9.38 17.76 31.78 13.46 4.2
PF3D7_1253000.1 12.03 7.71 15.38 12.34 38.58 136.67 136.87 33.15
PF3D7_1253200.1 21.38 27.15 34.69 57.35 99.83 151.44 113.63 18.13
PF3D7_1253400.1 0.08 0.02 0.05 0.01 0.37 2.58 6.12 3
PF3D7_1253500.1 0.08 0.04 0.03 0.17 0.08 0.75 4.63 3.99
PF3D7_1253700.1 0.01 0 0 0.03 0.05 0 0.06 0
PF3D7_1254000.1 0.01 0.01 0.01 0.02 0.1 0 0 0.04
PF3D7_1254100.1 0 0.01 0.01 0.02 0.24 0.11 0 0
PF3D7_1254200.1 0.01 0 0.01 0.05 0.35 0.18 0.07 0.12
PF3D7_1254300.1 0 0 0 0 0.18 0 0.08 0.05
PF3D7_1254400.1 0.03 0.03 0.03 0.02 0.05 0.33 0.06 0.04
PF3D7_1254500.1 0.01 0.01 0.01 0.02 0.12 0.21 0.08 0
PF3D7_1254600.1 0.01 0 0 0 0.53 0.42 0 0
PF3D7_1255000.1 0.02 0.02 0.02 0.05 0.15 0.36 0 0.13
PF3D7_1300500.1 0.05 0.03 0.08 0.18 0.37 0.28 0.21 0.17
PF3D7_1300600.1 0.94 0.22 0.11 0.42 2.21 1.46 0.67 2.81
PF3D7_1300700.1 0.01 0.02 0.03 0.11 0.19 0.17 0.06 0
PF3D7_1300900.1 0.01 0.02 0.01 0.11 2.82 1.43 0.08 0.05
PF3D7_1301400.1 6.43 88.25 284.72 690.53 537.02 206.18 75.62 13.03
PF3D7_1301600.1 65.9 11.47 1.7 0.91 2.21 3.17 1.42 18.02
PF3D7_1301700.1 29.74 119.83 226.77 452.49 176.71 53.53 27.51 6.07
PF3D7_1301900.1 2.13 1.01 0.9 1.11 1.6 4.91 2.67 5.71
PF3D7_1302200.1 2.93 0.34 0.23 0.31 1.39 4.79 6.07 1.45
PF3D7_1302300.1 14.26 6.65 6.8 19.02 93.12 208.74 216.31 60.63
PF3D7_1304100.1 0.84 0.16 0.04 0.36 4.98 15.49 22.75 11.68
PF3D7_1304300.1 0.37 0.31 0.87 2.72 8.63 17.52 16.63 4.54
PF3D7_1304600.1 0.09 0.05 0.1 1.28 16.93 28.65 32.28 7.25
PF3D7_1305100.1 0.35 0.15 0.17 0.4 7.3 28.66 60.49 37.56
PF3D7_1306200.1 0.28 0.09 0.06 0.11 5 35.38 101.04 44.7
PF3D7_1307600.1 2.89 0.55 0.45 2.12 12.69 28.66 57.69 33.32
PF3D7_1308800.1 0.78 0.39 0.29 1.01 18.05 72.38 155.37 90.62
PF3D7_1310200.1 5 0.67 0.16 0.2 1.1 2.61 5.29 56.83
PF3D7_1310500.1 1.33 2.11 4.13 10.99 41.38 55.05 67.51 33.03
PF3D7_1311800.1 11.35 13.24 25.02 86.83 375.67 428.72 296.12 59.31
PF3D7_1312000.1 0.09 0.06 0.05 0.12 0.48 1.72 5.58 2.73
PF3D7_1312700.1 0.72 0.16 0.25 5.14 77.56 132 100.38 16.36
PF3D7_1313200.1 0.04 0.05 0.15 0.79 6.19 10.74 14.91 5.21
PF3D7_1313400.1 0.73 0.2 0.22 2.21 17.8 34.8 39.18 17.63
PF3D7_1314500.1 0.66 1.94 4.36 14.99 59.45 96.34 174.38 77.72
PF3D7_1315200.1 0.14 0.04 0.06 0.45 6.41 10.1 7.43 2.35
PF3D7_1316200.1 8.3 1.3 0.66 1.31 9.23 11.76 11.47 10.12
PF3D7_1316300.1 0.08 0.18 0.18 0.28 0.51 1.8 1.11 0.69
PF3D7_1316700.1 0.12 0.09 0.17 0.4 1.96 3.58 3.43 2
PF3D7_1318000.1 4.11 3.86 5.41 13.49 29.72 23.67 23.14 25.86
PF3D7_1318100.1 0.44 0.34 0.14 1.6 25.04 65.75 120.94 62.57
PF3D7_1318200.1 0.05 0.02 0.01 0.04 0.04 1.73 2.2 1.05
PF3D7_1319800.1 1.1 0.83 1.51 2.66 4.01 7.12 5.42 2.09
PF3D7_1319900.1 0.03 0.02 0.03 0.12 2.11 5.56 5.62 1.35
PF3D7_1320000.1 4.44 4.52 6.25 12.79 21.1 23.7 35.8 18.7
PF3D7_1320100.1 1 0.41 0.27 0.88 9.29 42.28 75.68 43.9
PF3D7_1321100.1 2.91 0.49 0.11 0.15 0.31 1.19 7.19 30.42
PF3D7_1321900.1 40.02 12.33 9.24 20.98 67.52 81.61 64.06 34.16
PF3D7_1322000.1 3 0.4 0.15 0.25 7.03 38.74 95.54 54.8
PF3D7_1322900.1 0.27 0.32 0.38 1.11 2.83 7.88 10.92 4.29
PF3D7_1323000.1 0.34 0.38 0.29 1.04 3.15 6.96 8.46 5.15
PF3D7_1323500.1 0.69 1.94 3.82 11.6 35.16 43.76 70.05 38.39
PF3D7_1323600.1 0.2 0.12 0.09 1.63 19.45 40.68 54.23 18.66
PF3D7_1324900.1 6.31 36.53 88.44 271.32 1057.7 2087.79 1343.22 374.13
PF3D7_1327100.1 0.06 0.11 0.2 0.41 1.13 2.19 2.83 1.01
PF3D7_1329700.1 3.17 0.83 0.37 0.45 1.3 1.89 3.01 5.25
PF3D7_1330100.1 0.68 0.58 0.87 3.52 21.08 74.13 134.32 62.53
PF3D7_1330200.1 0.43 0.28 0.46 1.84 10.48 39.69 72.74 44.1
PF3D7_1331400.1 3.34 0.28 0.1 0.18 0.74 0.46 1.06 3.43
PF3D7_1331600.1 4.49 0.92 0.29 0.87 9 61.49 181.69 114.73
PF3D7_1332100.1 1.06 0.19 0.12 0.26 1.32 1.51 1.69 5.19
PF3D7_1332600.1 1.18 0.36 0.22 1.4 20.31 67.27 104.04 56.02
PF3D7_1333000.1 0.35 0.59 2.16 12.05 77.55 125.28 110.63 29.8
PF3D7_1333200.1 0.44 0.36 0.97 4.25 26.56 47.95 71.64 28.79
PF3D7_1333300.1 0.67 1.69 3.62 12.34 47.91 74.45 108.5 50.64
PF3D7_1334300.1 0.87 0.54 0.51 13.47 204.06 335.65 184.7 27
PF3D7_1334400.1 0.04 0.05 0.02 0.09 0.46 1.52 4.88 2.39
PF3D7_1334500.1 0.12 0.06 0.14 1.31 52.2 177.83 130.34 18.24
PF3D7_1334600.1 0.24 0.13 0.05 0.06 0.3 4.85 32.28 36
PF3D7_1334700.1 12.11 15.87 20.15 23.86 27.29 59.13 73.67 17.8
PF3D7_1334800.1 0.79 0.7 1.18 3.02 15.24 65.69 201.57 148.93
PF3D7_1335000.1 8.54 1.61 0.26 0.25 0.93 2.4 1.89 7.12
PF3D7_1335100.1 92.91 15.59 3 1.44 1.72 10.29 291.78 646.7
PF3D7_1335900.1 0.1 0.05 0.05 0.21 1.02 1.04 1.62 1.26
PF3D7_1336700.1 33.94 30.63 23.46 65.43 229.07 407.37 445.55 115.6
PF3D7_1337200.1 0.09 0.23 0.61 2.43 17.98 30.51 30.18 9.27
PF3D7_1338000.1 0.82 0.3 0.44 3.01 19.83 40.82 73.5 55.71
PF3D7_1338600.1 3.64 0.77 0.32 0.69 19.58 67.63 106.16 48.51
PF3D7_1338800.1 0.3 0.28 0.31 0.93 9.86 28.99 22.37 7.64
PF3D7_1338900.1 0.45 0.2 0.2 0.47 6.52 36.2 71.94 34.91
PF3D7_1340000.1 0.55 0.74 0.93 2.5 6.28 8.3 11.84 3.37
PF3D7_1340200.1 0.15 0.31 0.75 1.3 6.92 7.48 11.04 4.43
PF3D7_1340800.1 0.6 0.3 0.18 0.99 8.3 46.52 91.29 61.69
PF3D7_1340900.1 21.75 14.14 15.36 41.56 120.23 125.92 160.61 95.08
PF3D7_1341600.1 0.12 0.08 0.08 0.21 4.47 12.09 24.97 12.04
PF3D7_1342500.1 1.54 0.41 0.27 0.33 1.52 7.04 8.23 3.07
PF3D7_1343500.1 0.22 0.1 0.21 0.55 8.88 28.74 45 24.02
PF3D7_1344200.1 5.2 11.39 22.34 61.24 104.76 176.06 404.48 203.29
PF3D7_1344600.1 0.81 0.46 0.48 1.1 3.24 16.66 36.06 22.08
PF3D7_1344800.1 0.75 1.02 2.96 14.04 79.16 141.68 103.24 26.31
PF3D7_1345100.1 25.8 9.29 9.01 27.42 91.04 128.01 100.54 21.85
PF3D7_1345500.1 0.14 0.05 0.11 1.29 7.45 15.13 28.43 16.74
PF3D7_1346700.1 0.82 0.86 1 2.16 5.89 9.12 6.06 2.97
PF3D7_1346800.1 0.07 0.06 0.12 0.13 0.48 0.5 1.43 1.32
PF3D7_1347600.1 0.41 0.24 0.19 0.53 1.66 4.87 11.38 10.7
PF3D7_1349900.1 0.21 0.19 0.21 0.69 8.83 30.49 40.42 14.04
PF3D7_1350500.1 1.55 1.17 1.73 5.05 17.48 25.84 33.64 19.7
PF3D7_1350600.1 0.22 0.12 0.11 0.2 1.02 1.56 1.51 1.55
PF3D7_1350700.1 0.11 0.06 0.13 1.17 17.09 36.66 35.18 9.16
PF3D7_1351200.1 0.15 0.2 0.61 2.64 13.82 26.57 46.59 16.82
PF3D7_1351300.1 0.01 0.01 0.05 0.06 0.59 0.52 0.83 0.28
PF3D7_1351800.1 9.06 3.85 5.22 14.72 33.18 38.18 31.54 6.82
PF3D7_1351800.2 9.06 3.85 5.22 14.72 33.18 38.18 31.54 6.82
PF3D7_1352000.1 0.28 0.17 0.33 2.28 16.32 27.25 44.58 17.59
PF3D7_1352500.1 3.48 2.25 8.15 29.56 111.22 290.77 609.04 473.13
PF3D7_1352900.1 24.93 15.82 12.09 4.94 2.38 1.4 0.84 0.9
PF3D7_1353300.1 0.95 1.32 2.64 9.2 40.84 59.95 89.02 40.45
PF3D7_1353600.1 4.71 2.85 5.31 17.58 71.19 95.93 159.56 124.56
PF3D7_1354400.1 2.84 2.75 4.02 13.92 50.15 62.83 78.21 54.68
PF3D7_1357200.1 0.11 0.07 0.1 0.32 7.75 19.72 31.83 12.94
PF3D7_1358000.1 0.23 0.14 0.11 0.2 1.71 12.38 35.08 18.26
PF3D7_1358300.1 0.72 0.54 0.61 1.36 6.56 17.18 38.13 22.08
PF3D7_1358700.1 21.63 20.39 31.09 55.5 85.22 181.66 369.4 203.01
PF3D7_1360200.1 0.92 1.83 3.76 11.46 39.78 48.72 62.29 25.47
PF3D7_1360300.1 0.1 0.25 0.67 2.41 13.52 27.79 27.44 9.37
PF3D7_1363700.1 0.18 0.09 0.06 0.53 12.15 27.8 42.4 14.56
PF3D7_1363800.1 0.13 0.08 0.08 0.37 2.11 6.05 9.86 4.34
PF3D7_1364100.1 0.97 0.23 0.1 0.17 0.89 17.35 93.61 68.95
PF3D7_1364600.1 0.22 0.1 0.09 0.19 3.89 18.67 41.71 21.88
PF3D7_1366200.1 0.85 0.24 0.15 1.44 25.52 64.47 86.56 38.81
PF3D7_1366800.1 3.75 1.53 2.87 14.07 69.54 72.07 59.12 27.96
PF3D7_1367300.1 0.29 0.17 0.19 0.38 1.06 1.22 0.48 0.47
PF3D7_1367500.1 0.49 0.14 0.16 0.45 7.83 37.23 67.98 38.65
PF3D7_1367700.1 2.82 4.87 8.42 23.61 90.89 112.11 89.93 23.92
PF3D7_1367800.1 0.06 0.05 0.04 0.08 0.62 1.22 1.18 0.32
PF3D7_1367900.1 0.03 0.03 0.02 0.05 0.33 1.07 0.97 0.43
PF3D7_1368000.1 0.3 0.16 0.21 0.46 1.25 5.17 17.99 15.75
PF3D7_1369600.1 0.49 0.65 1.86 8.9 44.95 73.43 124.91 40.94
PF3D7_1371500.1 0.18 0.06 0.06 0.21 10.09 45.86 57.39 19.92
PF3D7_1371700.1 1.62 0.27 0.09 0.73 17.06 28.76 15.68 5.7
PF3D7_1371800.1 0.39 0.12 0.21 7.22 187 294.03 116.18 8.78
PF3D7_1371900.1 0.1 0.07 0.39 3.01 23.14 22.55 5.95 1.93
PF3D7_1372100.1 0.2 0.12 0.1 0.34 2.85 11.72 22.72 16.17
PF3D7_1372300.1 10.29 7.22 7.78 9.14 12.87 9.28 6.4 0.77
PF3D7_1372400.1 0.48 0.15 0.3 0.24 0.68 4.74 14.83 8.21
PF3D7_1372700.1 0.02 0.01 0 0.03 0.31 0.09 0 0
PF3D7_1372800.1 0 0.01 0.01 0.04 0.35 0.31 0.31 0.19
PF3D7_1373300.1 0 0.04 0.01 0.03 0.05 0 0 0
PF3D7_1373400.1 0.09 0.51 0.91 1.57 4.37 0.92 0.98 2.26
PF3D7_1400200.1 0.04 0.03 0.01 0.05 0.34 0.09 0.51 0.48
PF3D7_1400300.1 0.02 0.01 0.02 0.03 0.26 0 0 0.08
PF3D7_1400400.1 0.01 0.01 0.01 0.02 0.16 0 0 0.04
PF3D7_1400500.1 0.01 0.01 0.01 0.07 0.1 0.09 0.14 0
PF3D7_1400700.1 0 0.02 0 0 0.3 0.32 0.16 0
PF3D7_1400800.1 0.01 0.01 0.02 0.02 0.11 0.1 0.15 0.05
PF3D7_1401200.1 0.38 0.38 0.45 16.33 218.99 331.8 233.54 57.65
PF3D7_1401400.1 901.57 744.84 621.37 1062.18 997.25 320 135.02 107.19
PF3D7_1401700.1 0.07 0.03 0.05 0.13 0.39 1.39 1.37 0.32
PF3D7_1403200.1 0.18 0.23 0.25 0.48 0.55 2.05 2.31 1.19
PF3D7_1404300.1 0.1 0.14 0.09 0.09 0.17 0.31 1.15 1.07
PF3D7_1404700.1 7.46 1.21 0.51 0.38 1.28 2.17 2.08 4.14
PF3D7_1404800.1 21.34 17.23 20.04 33.82 56.44 25.83 8.09 3.4
PF3D7_1404900.1 94.48 36.87 28.26 73.97 274.83 362.93 382.58 131.35
PF3D7_1405400.1 0.08 0.04 0.09 0.54 9 16.79 18.26 5.08
PF3D7_1406300.1 4.7 0.81 0.85 3.24 39.21 97.82 133.14 45.17
PF3D7_1406400.1 0.22 0.07 0.09 0.28 8.4 33.78 50.53 19.8
PF3D7_1406600.1 0.45 0.16 0.13 1.34 16.75 34.49 71.54 36.6
PF3D7_1407000.1 0.11 0.05 0.1 0.2 0.77 0.97 0.46 0.23
PF3D7_1409100.1 1.75 2.15 2.79 10.61 56.57 121.11 237.93 100.9
PF3D7_1409600.1 1.67 1.75 2.27 5.75 15.93 17.08 27.04 13.51
PF3D7_1410400.1 43.12 7.67 1.53 0.78 0.45 0.89 86.97 599.26
PF3D7_1410700.1 0.95 0.25 0.16 0.44 12.3 63.57 168.84 102.25
PF3D7_1411400.1 0.15 0.15 0.19 0.32 5.56 21.82 33.83 8.64
PF3D7_1411600.1 0.06 0.06 0.09 0.3 3.61 9.99 14.72 3.68
PF3D7_1411800.1 3.15 2.97 2.79 8.35 29.77 52.42 53.64 13.25
PF3D7_1411900.1 6.99 7.98 10.84 32.51 86.57 62.72 27.8 8.01
PF3D7_1412000.1 0.86 0.09 0.1 0 0.06 0.79 1.59 9.58
PF3D7_1413400.1 0.44 0.23 0.23 0.48 14.37 48.38 92.06 44.11
PF3D7_1413500.1 0.48 0.13 0.02 0.15 6.63 35.94 64.29 30.68
PF3D7_1416000.1 0.12 0.13 0.06 0.16 0.32 0.43 3.05 3.61
PF3D7_1416700.1 0.61 0.99 0.79 2.12 8.55 6.63 12.42 7.31
PF3D7_1416800.1 0.13 0.11 0.21 2.38 18.55 30.52 27.84 8.6
PF3D7_1418100.1 0.02 0.01 0.02 0.06 0.34 0.67 0.87 0.31
PF3D7_1419200.1 0.12 0.05 0.17 2.55 38.4 85.46 85.17 19.06
PF3D7_1419800.2 0.52 0.19 0.21 2.7 45.64 96.07 108 37.13
PF3D7_1420400.1 3.13 7.03 11.49 32.07 130.81 155.08 117.18 27.61
PF3D7_1420500.1 0.06 0.04 0.06 0.15 1.09 1.66 1.32 0.55
PF3D7_1420700.1 106.14 61.61 51.33 154.64 516.37 610.16 593.19 98.88
PF3D7_1421900.1 1.98 0.43 0.27 0.58 12.9 50.88 113.25 136.88
PF3D7_1422500.1 0.49 0.19 0.15 0.31 1.88 13.62 39.55 29.55
PF3D7_1427000.1 0.82 0.25 0.16 1.16 22.34 60.21 80.37 31.21
PF3D7_1427100.1 15.34 14.32 15.7 25.87 36.95 27.93 17.15 5.54
PF3D7_1428600.1 0.3 0.17 0.12 0.62 13.62 45.14 57.95 20.31
PF3D7_1429100.1 1.01 0.58 0.82 7.39 42.51 103.05 249.36 113.46
PF3D7_1429300.1 0.72 0.69 1.02 3.78 8.07 7.71 9.69 3.94
PF3D7_1429600.1 0.41 0.26 0.27 1.02 7.18 38.23 65.02 27.7
PF3D7_1430200.1 4.4 0.96 0.52 0.8 1.64 5.17 10.22 45.65
PF3D7_1430700.1 0.11 0.06 0.07 0.15 4.48 32.61 38.73 16.78
PF3D7_1431400.1 8.28 1.73 0.82 1.44 5.02 5.79 19.95 89.53
PF3D7_1433700.1 0.24 0.08 0.13 1.42 15.98 28.33 34.3 10.29
PF3D7_1434400.1 7.45 1.22 0.29 0.7 1.49 4.08 9.19 31.3
PF3D7_1436100.1 1.2 2.82 4.34 9.16 28.74 47.01 72.24 29.65
PF3D7_1436300.1 78.14 36.32 25.95 69.67 153.59 82.15 44.03 21.25
PF3D7_1436800.1 0.21 0.11 0.18 1.27 10.36 33.82 49.65 17.23
PF3D7_1437100.1 0.41 0.18 0.12 0.48 1.79 14.27 49.15 24.91
PF3D7_1439000.1 1.36 0.31 0.29 0.92 6.77 37.51 116.48 146.74
PF3D7_1439300.1 3.64 2.41 3.19 8.19 31.17 46.05 72.33 32.6
PF3D7_1440200.1 0.12 0.05 0.04 0.96 9.95 16.19 18.74 6.52
PF3D7_1440300.1 0.04 0.03 0.03 0.51 5.11 12.89 11.58 3.53
PF3D7_1442600.1 0.17 0.29 0.38 1.41 8.54 8.88 11.64 2.95
PF3D7_1443700.1 0.56 0.11 0.08 0.19 7.56 30.47 44.99 37.56
PF3D7_1443900.1 0.29 0.28 0.39 5.26 48.85 81.54 102.18 32.17
PF3D7_1444300.1 3.18 1.59 2.23 7.78 40.49 68.38 84.93 65.21
PF3D7_1445800.1 0.06 0.04 0.09 0.1 0.53 1.23 3.6 2.62
PF3D7_1446300.1 4.11 0.88 0.52 2.1 9.83 11.97 9.21 4.39
PF3D7_1446400.1 0.18 0.15 0.12 0.86 5.55 11.36 12.13 4.46
PF3D7_1447600.1 0.09 0.15 0.1 0.1 0.44 1.03 1.53 0.59
PF3D7_1448400.1 0.37 0.2 0.28 2.24 20.38 44.3 79 41.51
PF3D7_1449000.1 0.43 0.14 0.1 0.24 0.64 0.25 0.93 1.11
PF3D7_1451600.1 0.04 0.06 0.05 0.2 0.62 0.47 0.59 0.99
PF3D7_1452000.1 3.7 0.62 0.15 0.17 0.29 0.3 6.86 38.12
PF3D7_1452300.1 0.09 0.04 0.07 0.1 4.35 18.99 34.85 14.18
PF3D7_1453300.1 0.28 0.24 0.57 1.3 6 11.05 16.31 6.03
PF3D7_1453500.1 0.05 0.09 0.07 0.26 0.81 0.78 0.89 0.57
PF3D7_1454400.1 5.47 5.19 9.01 33.58 184.31 190.68 143.82 40.74
PF3D7_1455800.1 0.07 0.08 0.08 0.16 0.66 1.99 1.78 0.98
PF3D7_1455900.1 0.4 0.18 0.1 0.41 4.78 26.11 44.24 22.27
PF3D7_1456800.1 14.57 17.25 24.64 64.99 199.32 157.74 77.84 23.16
PF3D7_1458100.1 4.45 5.19 6.21 14.45 25.88 56.07 129.69 62.46
PF3D7_1459900.1 2.29 0.37 0.08 0.18 0.37 0.65 3 22.21
PF3D7_1460900.1 0.46 0.19 0.14 0.75 11.82 32.88 61.06 38.41
PF3D7_1460900.2 0.46 0.19 0.14 0.75 11.82 32.88 61.06 38.41
PF3D7_1461700.1 1 1.56 1.28 2.22 6.29 6.95 11.9 6.05
PF3D7_1462300.1 4.86 5.93 9.62 24.24 76.26 101.52 139.46 48.9
PF3D7_1463600.1 0.19 0.38 0.3 1.88 16.39 45.24 75.44 22.88
PF3D7_1463900.1 6.83 1.01 0.29 0.33 0.66 1.32 12.84 77.26
PF3D7_1464600.1 40.48 15.75 16.27 49.16 234.45 211.84 154.7 57.84
PF3D7_1465300.1 0.4 0.89 1.71 5.13 18.81 25.89 24.48 6.55
PF3D7_1465700.1 0.04 0.06 0.11 0.46 3.36 5.22 3.98 1.17
PF3D7_1466000.1 0.13 0.04 0.05 0.07 0.51 1.81 1.19 0.88
PF3D7_1466500.1 0.72 0.81 1.02 1.49 3.81 6.25 6.28 2.42
PF3D7_1467000.1 0.1 0.14 0.29 0.89 3.78 6.08 5.72 1.96
PF3D7_1467300.1 0.12 0.11 0.12 0.28 5.67 32.28 51.75 23.5
PF3D7_1467400.1 0.38 0.44 0.9 3.05 20.83 33 62.28 34.72
PF3D7_1468500.1 0.7 0.53 0.99 4.05 16.19 50.11 85.89 86.03
PF3D7_1469000.1 0.6 0.46 1.81 7.1 32.99 58.88 106.63 45.9
PF3D7_1469200.1 5.71 1.06 0.26 0.28 1.24 5.88 13.93 23.4
PF3D7_1469600.1 0.07 0.05 0.05 0.16 1.26 4.05 6.97 2.78
PF3D7_1470800.1 0.34 0.2 0.13 0.82 8.98 26.24 60.65 32.91
PF3D7_1471000.1 1.55 1.56 2.79 8.16 36.16 34.13 17.54 3.84
PF3D7_1471100.1 89.16 39.92 35.73 227.08 2058.64 2645.43 1935.79 389.54
PF3D7_1472300.1 4.97 1.94 2.35 7.01 27.27 33.33 52.2 37.24
PF3D7_1472600.1 2.42 0.44 0.16 0.18 1.7 3.75 9.78 19.17
PF3D7_1472700.1 1.2 0.2 0.08 0.21 5.32 13.08 18.16 7.81
PF3D7_1472800.1 0.95 1.36 2.07 3.55 16.83 119.7 208.93 63.85
PF3D7_1473000.1 0.02 0.02 0 0.05 0.42 1.5 0.18 0.23
PF3D7_1475400.1 0.03 0.02 0.02 0.07 0.3 0.57 0.59 0.22
PF3D7_1475500.1 0.01 0.02 0.03 0.08 0.24 0.19 0.2 0.07
PF3D7_1476100.1 0.08 0.12 0.27 0.89 3.19 1.24 1.31 0.08
PF3D7_1476300.1 12.02 2.14 0.5 0.53 1.18 4.23 37.46 214.7
PF3D7_1476500.1 1.74 1.49 1.17 3.01 30.18 82.24 79.4 38.85
PF3D7_1476600.1 0.37 0.8 2.54 8.15 32.86 37.9 28.61 10.73
PF3D7_1477100.1 0.04 0.01 0.1 3.56 31.96 13.09 4.06 0.74
PF3D7_1477200.1 0 0.01 0.13 2.72 25.53 11.22 2.99 0.56
PF3D7_1477400.1 0.13 0.08 0.09 1.04 20.21 35.96 35.65 17.28
PF3D7_1478100.1 6.04 5.59 5.38 4.43 2.51 1.65 8.82 10.18
PF3D7_1478800.1 6.68 3.58 5.63 15.63 27.48 8.39 3.16 3.21
PF3D7_1479000.1 4.36 1.88 1.01 0.77 0.37 0.35 0.08 0.46
PF3D7_1479400.1 0.03 0.01 0.01 0.03 0.1 0 0 0.04
PF3D7_1479500.1 0.01 0.01 0 0.08 1.42 1.37 0.23 0.05
PF3D7_1479600.1 0.01 0.01 0.02 0 0 0.09 0 0
PF3D7_1479800.1 0.02 0 0.01 0.03 0.46 0 0 0
PF3D7_1479900.1 0 0.01 0 0 0.58 0.83 0.08 0
PF3D7_1480000.1 0 0.01 0.03 0.02 0.36 0.37 0 0
