id hr5 hr10 hr15 hr20 hr25 hr30 hr35 hr40
PF3D7_0102300.1 0.97 0.63 0.54 0.9 109.56 856.74 1157.56 224.87
PF3D7_0103200.1 1.54 1.58 3.9 17.43 131.12 184.31 179.75 72.04
PF3D7_0104500.1 0.59 2.64 6.71 28.1 143.09 198.54 137.45 20.61
PF3D7_0104700.1 0.05 0.04 0.04 0.02 0.22 0.66 0.72 0.16
PF3D7_0105400.1 6.11 1.17 0.22 0.33 0.5 1.12 10.39 78.92
PF3D7_0105400.2 6.11 1.17 0.22 0.33 0.5 1.12 10.39 78.92
PF3D7_0107300.1 0.13 0.07 0.04 0.1 1.2 3.86 3.26 0.98
PF3D7_0107700.1 0.18 0.13 0.13 0.41 7.47 24.39 28.93 9.51
PF3D7_0108700.1 1.5 2.5 4.17 14.37 46.9 77.63 123.83 50.38
PF3D7_0109850.1 0.3 0.17 0.31 1.29 3.24 9.92 27.27 19.9
PF3D7_0110000.1 2.13 2.18 2.59 7.4 34.31 66.63 68.68 24.51
PF3D7_0112000.1 0.29 0.45 1 3.41 20.37 36.14 47.09 17.58
PF3D7_0112100.1 0.14 0.2 0.44 0.75 0.54 1.34 0.28 0
PF3D7_0112900.1 4.58 0.61 0.3 0.84 1.79 4.67 3.45 2.53
PF3D7_0204100.1 1.36 0.34 0.17 0.33 2.3 8.86 35.25 53.12
PF3D7_0204200.1 24.13 8.41 9.25 31.89 108.02 128.29 125.27 65.94
PF3D7_0207400.1 1.15 0.43 0.14 0.07 0.45 14.37 128.84 111.33
PF3D7_0207800.1 1.22 0.35 0.15 0.15 0.57 11.67 95.15 116.42
PF3D7_0207900.1 0.21 0.09 0.05 0.03 0.34 2.39 13.79 11.96
PF3D7_0208000.1 0.58 0.19 0.09 0.07 0.46 1.58 20.87 34.26
PF3D7_0208800.1 0.48 0.98 1.85 6 23.55 33.77 43.66 19.67
PF3D7_0210300.1 0.34 0.15 0.15 1.24 15.16 41 63.12 40.93
PF3D7_0210600.1 22.39 4.27 0.86 0.59 1.67 3.38 6.4 28.59
PF3D7_0210800.1 5.33 5.13 5.6 9.4 24.33 23.48 17.95 5.41
PF3D7_0211600.1 0.28 0.13 0.06 0.11 1.18 6.9 17.61 19.14
PF3D7_0211900.1 0.5 0.23 0.24 0.93 14.33 60.21 98.75 39.34
PF3D7_0212000.1 0.47 0.25 0.16 0.57 8.08 50.89 85.58 42.69
PF3D7_0215000.1 1.23 1.41 3.04 11.41 39.38 70.26 92.93 35.91
PF3D7_0215300.1 3.37 1.99 3.64 6.68 7.03 3.05 2.07 0.78
PF3D7_0215900.1 0.24 0.03 0.04 0.07 0.68 3.74 10.34 10.23
PF3D7_0216600.1 8.66 3.57 3.36 8.08 22.82 29.72 45.63 45.91
PF3D7_0216800.1 0.32 0.08 0.02 0.02 0.25 1.23 11.04 14.74
PF3D7_0217000.1 0.11 0.08 0.08 0.19 0.69 2.13 8.19 6.25
PF3D7_0218300.1 0.98 0.31 0.39 4.27 30.76 63.72 73.44 33.27
PF3D7_0219500.1 0.75 0.25 0.22 0.64 16.61 55.57 86.03 34.92
PF3D7_0220200.1 31.94 26.03 38.78 242.85 1496.09 1319.33 785.62 157.42
PF3D7_0220300.1 1.26 0.6 1.69 16.01 67.78 43.19 41.16 13.15
PF3D7_0221000.1 0.01 0.02 0.06 0.19 0.64 0.73 1.07 0.53
PF3D7_0301000.1 0.24 0.13 0.09 0.1 0.32 0.15 0.14 0.16
PF3D7_0301400.1 0.12 0.11 0.85 8.07 46.72 57.46 55 10.35
PF3D7_0303900.1 0.3 0.2 0.23 0.5 0.99 0.8 3.88 4.03
PF3D7_0304700.1 0.03 0.02 0.02 0.06 1.13 4.86 9.15 3.74
PF3D7_0306600.1 1.1 0.23 0.29 1.09 13.01 57.51 80.59 49.76
PF3D7_0306700.1 1.19 3.35 6 16.98 61.47 82.39 92.04 48.61
PF3D7_0309100.1 0.53 0.5 0.52 1.28 6.15 11.44 25.6 14.99
PF3D7_0310000.1 0.38 0.24 0.2 0.5 16.41 60.62 103.01 45.65
PF3D7_0310800.1 10.81 5.86 9.21 31.37 115.27 142.34 181.2 86.12
PF3D7_0311600.1 1.05 0.26 0.19 0.77 12.78 33.16 25.01 4.73
PF3D7_0311700.1 0.36 0.38 0.36 0.62 1.56 4.73 7.57 5.26
PF3D7_0312500.1 0.21 0.26 0.71 3.5 15.71 21.67 17.08 3.45
PF3D7_0313200.1 0.53 0.63 0.67 2.61 19.5 54.93 89.75 32.98
PF3D7_0313300.1 0.37 0.53 0.59 2.09 9.54 24.63 45.03 18.44
PF3D7_0313700.2 0.28 0.13 0.08 0.69 17.97 45.62 75 27.58
PF3D7_0313900.1 0.08 0.03 0.05 0.25 3.29 7.09 10.94 4.69
PF3D7_0314000.1 1.6 0.73 0.52 2.26 21.94 47.03 85.53 81.84
PF3D7_0315400.1 1 0.32 0.49 7.16 77.46 174.19 308.5 138.58
PF3D7_0315900.1 4.72 1.06 0.56 0.25 0.19 0.91 0.84 2.09
PF3D7_0318000.1 0.01 0.04 0.06 0.17 0.61 0.93 1.6 0.36
PF3D7_0318300.1 1.65 2.46 3.59 8.64 22.1 33.84 60.76 28.87
PF3D7_0318800.1 0.39 0.04 0.05 0.2 0.45 0.18 0.65 0.32
PF3D7_0318900.1 4.68 8.71 15.46 53.81 204.32 260.53 364.21 153.69
PF3D7_0320200.1 0.27 0.26 0.35 0.97 3.62 8.9 11.91 3.55
PF3D7_0401900.1 8.76 6.8 3.79 4 1.81 2.27 1.51 1.01
PF3D7_0402400.1 33.87 28 33.48 77.66 369.09 346.91 285.2 185.7
PF3D7_0402900.1 3.76 0.7 0.53 1.12 2.66 2.84 1.4 0.29
PF3D7_0403300.1 3.01 4.73 7.78 16.06 54.67 70.21 95.61 33.66
PF3D7_0404800.1 3 0.53 0.18 0.3 0.94 1.44 3.56 5.13
PF3D7_0407100.1 1.12 1.23 1.75 3.17 18.66 28.58 32.17 11.94
PF3D7_0407200.1 3.76 5.31 7.01 18.87 67.29 85.23 94.87 23.82
PF3D7_0408800.1 0.01 0.02 0.01 0.07 0.11 0 0.22 0.14
PF3D7_0409000.1 0.17 0.08 0.09 0.34 2.59 3.79 8.45 4.82
PF3D7_0409500.1 0.37 0.16 0.1 0.28 1.91 34.43 61.03 28.11
PF3D7_0409700.1 1.72 0.44 0.29 2.26 22.4 41.2 52.96 29.09
PF3D7_0411700.1 0.12 0.12 0.11 0.25 1.15 0.23 0.5 0.31
PF3D7_0413800.1 0.14 0.07 0.06 0.4 2.97 8.63 17.79 9.03
PF3D7_0415700.1 2.01 0.34 0.06 0.29 4.3 15.75 32.57 14.41
PF3D7_0417000.1 0.05 0.05 0.05 0.15 0.45 1.26 0.76 0.47
PF3D7_0418800.1 0.3 0.2 0.29 0.38 0.54 1.2 0.71 0.44
PF3D7_0419200.1 2.17 1.32 2.28 5.84 29.29 62.32 134.79 94.56
PF3D7_0419400.1 0.49 0.09 0.04 0.07 0.24 0.97 14.59 24.54
PF3D7_0421900.1 0.57 0.3 0.2 0.73 2.71 0.88 0.65 1.01
PF3D7_0422000.1 0.37 0.41 2.07 10.53 45.66 69.07 62.77 24.33
PF3D7_0422100.1 0.42 1.76 4.1 14.63 64.87 111.49 147.08 58.41
PF3D7_0422800.1 1.07 0.37 0.11 0.46 3.02 11.64 26.42 15.96
PF3D7_0423300.1 20.66 3.09 0.9 1.04 2.49 5.75 31.89 156.06
PF3D7_0423900.1 23.7 8.22 4.48 7.34 17.51 16.09 10.89 11.42
PF3D7_0502500.1 0.1 0.06 0.06 0.21 0.6 1.69 1.88 0.51
PF3D7_0504200.1 1.69 0.34 0.18 1.29 21.78 48.1 50.4 20.39
PF3D7_0504500.1 0.45 0.26 0.28 0.7 1.48 2.63 3.03 5.26
PF3D7_0505700.1 2.08 4.23 5.84 20.1 75.66 139.43 219.93 62.61
PF3D7_0506400.1 1.75 0.29 0.05 0.2 0 0.81 1.39 3.22
PF3D7_0507200.1 1.35 0.24 0.23 0.74 2.24 2.33 7.34 15.2
PF3D7_0507300.1 5.26 0.65 0.12 0.17 0.44 0.81 0.62 1.41
PF3D7_0507400.1 18.88 2.59 0.4 0.31 0.46 1.64 5.44 16.11
PF3D7_0508200.1 0.35 0.16 0.16 0.4 2.74 16.37 32.47 20.25
PF3D7_0511100.1 0.07 0.05 0.3 1.47 2.66 4.73 8.33 5.68
PF3D7_0513000.1 0.37 0.26 0.59 2.68 18.61 46.56 51.17 15.58
PF3D7_0513500.1 0.5 1.35 3.29 16.04 58.67 76.36 49.31 12.19
PF3D7_0514200.1 0.32 0.23 0.52 1.98 7.45 14.59 31.83 18.69
PF3D7_0516600.1 0.79 0.25 0.44 3 25.94 49.53 68.73 23.15
PF3D7_0517100.1 0.29 0.4 0.26 1.84 14.59 23.64 20.72 4.38
PF3D7_0518800.1 0.26 0.27 0.44 1.35 2.61 2.63 1.25 1.64
PF3D7_0519900.1 0.2 0.22 0.47 1.7 13.98 26.29 47.58 19.83
PF3D7_0522500.1 0.67 0.27 0.15 0.21 10.85 41.31 87.04 56.81
PF3D7_0524200.1 0.54 0.26 0.08 0.49 1.03 1.42 2.85 3.84
PF3D7_0525700.1 8.05 1.42 0.37 0.62 5.78 25.3 40.52 40.23
PF3D7_0526100.1 0.14 0.06 0.09 0.46 9.66 21.82 22.75 8.1
PF3D7_0526900.1 4.21 9.43 15.26 48.64 126.54 188.58 238.96 98.25
PF3D7_0528900.1 0.52 0.39 0.21 1.08 2.17 2.2 2.34 1.08
PF3D7_0529000.1 3.29 2.08 3.11 9.23 33.12 41.09 52.94 26.44
PF3D7_0529100.1 0.22 0.17 0.35 2.72 20.07 38.01 47.4 17.42
PF3D7_0530300.1 1 0.24 0.1 0.25 2.41 7.79 22.41 22.71
PF3D7_0530500.1 0.05 0.06 0.07 0.25 0.91 1 1.66 0.4
PF3D7_0530800.1 0.4 0.32 0.37 1.84 8.22 16.06 26.08 10.58
PF3D7_0532500.1 0.07 0.04 0.54 10.12 97.09 85.47 59.1 12.49
PF3D7_0602300.1 0.01 0 0.03 0.02 0.34 1.8 3.03 0.97
PF3D7_0604400.1 0.24 0.13 0.42 1.22 8.13 15.66 21.7 6.65
PF3D7_0604900.1 0.4 0.4 0.35 0.92 24.6 108.29 84.79 21.91
PF3D7_0606800.1 0.69 0.28 0.21 0.41 1.89 28.25 84.27 67.85
PF3D7_0609100.1 3.4 3.28 6.27 20.63 65 77.4 68.48 34.43
PF3D7_0609500.1 0.06 0.04 0.08 0.29 0.35 0.38 0.83 0.76
PF3D7_0611100.1 0.38 0.17 0.05 0.21 2.54 23.63 60.64 39.21
PF3D7_0612300.1 0.11 0.04 0.02 0.05 1.19 3.71 5.67 6.34
PF3D7_0613100.1 4.79 3.33 5.28 16 65.86 90.92 113.34 82.82
PF3D7_0613200.1 0.35 0.3 0.07 0.19 6.11 55.26 118.19 46.85
PF3D7_0613400.1 2.14 0.77 0.37 1.92 26.89 95.54 192.36 124.6
PF3D7_0613600.1 3.52 0.65 0.15 0.28 3.93 11.29 13.55 8.51
PF3D7_0615300.1 0.29 0.28 0.36 1.07 8.46 27.11 48.77 21.17
PF3D7_0618400.1 0.06 0.04 0.04 0.09 0.27 0.68 0.97 0.56
PF3D7_0619100.1 0.3 0.31 0.71 2.9 11.59 19.05 19.85 10.6
PF3D7_0620200.1 0.13 0.05 0.03 0.22 0.27 0.39 0.43 1.07
PF3D7_0621000.1 0.46 0.31 1.35 7.93 33.12 38.96 49.46 13.39
PF3D7_0622000.1 0.5 0.34 0.64 1.46 8.92 11.98 15.18 9.54
PF3D7_0622200.1 3.16 6.76 11.86 31.94 86.56 87.01 79.5 17.47
PF3D7_0623300.1 0.33 0.29 0.35 0.67 16.03 55.43 82.04 47.93
PF3D7_0623500.1 0.76 1 1.7 3.85 14.23 32.8 51.22 20.43
PF3D7_0624300.1 0.75 0.45 0.51 2.4 8.69 11.86 12.63 9.75
PF3D7_0624800.1 0.13 0.04 0.05 0.1 0.2 0.5 0.71 1.28
PF3D7_0625400.1 7.26 3.21 4.1 10.26 16.38 9.23 4.67 3.41
PF3D7_0626600.1 0.35 0.32 0.45 1.09 3.41 7.55 11.79 6.76
PF3D7_0629200.1 2.13 4.17 9.09 32.35 141.04 224 294.66 118.92
PF3D7_0630000.1 0.09 0.06 0.08 0.17 0.63 0.9 0.33 0.15
PF3D7_0630200.1 0.89 0.25 0.19 0.86 2.87 2.08 2.57 1.71
PF3D7_0630400.1 0.95 0.2 0.16 0.3 0.41 1.86 11.45 24.33
PF3D7_0702600.1 0.66 0.51 0.74 1 1.41 1.43 1.32 0.66
PF3D7_0702900.1 2.73 4.51 8.43 21.77 95.53 159.56 219.01 85.43
PF3D7_0705800.1 0.35 0.29 0.54 1.55 10.25 26.63 24.34 5.38
PF3D7_0709100.1 0.39 0.27 0.27 0.82 14.47 60.18 117.7 62.07
PF3D7_0709800.1 2.71 1.5 1.65 3.53 19.94 38.29 62.97 65.84
PF3D7_0710300.1 0.17 0.52 1.77 9.57 55.89 65.32 57.8 17.78
PF3D7_0710500.1 0.23 0.21 0.17 1.97 23.79 65.22 56.51 11.22
PF3D7_0713400.1 4.8 4.39 6.66 16.32 53.92 55.09 85.17 59
PF3D7_0713700.1 1.18 1.64 3.83 15.7 62.66 95.86 137.33 71.23
PF3D7_0715200.1 0.77 0.33 0.27 0.59 2.86 16.63 45.03 26.96
PF3D7_0715400.1 0.14 0.14 0.2 0.48 12.27 70.6 70.72 20.57
PF3D7_0716300.1 2.45 0.95 1.4 20.19 282.13 687.18 1225.14 556.2
PF3D7_0716900.1 0.6 1.34 2.58 10.66 56.13 80.56 73.88 23.18
PF3D7_0719400.1 1.2 0.48 0.49 1.32 9.83 30.07 83.05 52.89
PF3D7_0721100.1 1.68 0.67 1.45 30.95 419.23 926.98 1169.9 458.5
PF3D7_0721700.1 0.18 0.16 0.27 0.6 1.52 1.28 1.89 1.08
PF3D7_0721900.1 7.81 3.72 5.63 21.58 87.89 119.63 115.99 90.72
PF3D7_0722800.1 0.15 0.15 0.17 0.41 1.01 1.41 1.04 0.75
PF3D7_0723200.1 0.15 0.04 0.01 0.13 0.15 1.14 0.84 1.05
PF3D7_0724400.1 6.82 8.66 12.22 31.21 113.9 139.59 113.48 37.02
PF3D7_0725400.1 210.48 38 6.82 4.92 3.23 4.58 18.61 159.19
PF3D7_0726700.1 0.84 0.43 0.38 3.3 35.93 82.35 106.77 68.89
PF3D7_0730800.1 204.23 223.94 209.96 391.37 503.04 167.58 55.76 18.91
PF3D7_0730800.2 204.23 223.94 209.96 391.37 503.04 167.58 55.76 18.91
PF3D7_0731600.1 0.91 0.99 2.74 20.31 201.29 348.13 466.76 143.36
PF3D7_0731800.1 2.39 2.51 3.3 3.3 5.52 3.54 3.72 2.49
PF3D7_0805600.1 28.08 10.29 6.48 16.51 89.82 104.5 89.72 38.03
PF3D7_0806200.1 0.82 0.19 0.1 0.12 0.35 1.21 11 22.04
PF3D7_0810100.1 0.23 0.37 0.3 1.31 15.06 35.16 73.72 32.25
PF3D7_0811600.1 1.86 0.69 1.41 3.25 10.75 16.75 40.85 34.98
PF3D7_0815300.1 0.12 0.07 0.07 0.29 4.73 11.58 15.51 4.98
PF3D7_0817100.1 0.13 0.09 0.08 0.81 10.34 17.36 14.22 3.28
PF3D7_0817500.1 7.25 23.1 45.81 162.53 558.81 921.06 1197.77 559.17
PF3D7_0817800.1 3.36 0.87 0.5 1.18 8.07 57.28 92.18 92.06
PF3D7_0819700.1 0.44 0.11 0.08 0.63 2.52 4.75 11.27 13.1
PF3D7_0820100.1 0.13 0.12 0.26 1.22 13.57 32.47 33.4 9.75
PF3D7_0820300.1 12.82 8.95 9.77 23.09 52.98 48.69 69.24 48.91
PF3D7_0820600.1 0.17 0.09 0.08 0.14 2.45 11.88 18.72 14.54
PF3D7_0825200.1 0.51 0.17 0.1 0.57 5.35 32.07 59.55 41.34
PF3D7_0825700.1 0.08 0.09 0.11 0.31 0.64 0.72 2.2 0.85
PF3D7_0825800.1 0.26 0.22 0.34 0.82 2.11 3.88 4.06 2.24
PF3D7_0827400.1 0.36 0.37 0.34 0.78 2.19 4.75 5.52 5.43
PF3D7_0827700.1 0.03 0.03 0.01 0.07 0.24 0.7 0.71 0.41
PF3D7_0829200.1 0.24 0.24 0.45 7.11 100.82 147.02 77.18 18.87
PF3D7_0830900.1 4.81 1.17 4.88 31.43 124.4 74.11 44.71 16.61
PF3D7_0831300.1 1.31 1.19 1.11 3.55 28.02 104.21 114.14 27.87
PF3D7_0831400.1 0.1 0.08 0.68 50.05 972.65 1039.93 278.94 17.52
PF3D7_0902800.1 0.15 0.07 0.08 0.26 3.62 27.65 48.66 23.82
PF3D7_0902900.1 0.1 0.15 0.76 7.13 22.76 16.82 9.71 3.94
PF3D7_0904300.1 0.04 0.02 0.02 0.1 0.41 0.84 0.9 0.46
PF3D7_0904400.1 0.43 0.16 0.24 1.96 23.96 58.43 127.67 84.71
PF3D7_0907800.1 1.56 1.22 2.22 7.78 32.74 64.65 99.93 76.09
PF3D7_0908100.1 0.49 0.1 0.04 0.15 0.63 4.16 13.26 7
PF3D7_0908300.1 0.56 0.35 0.23 0.71 17.35 91.42 160.67 65.71
PF3D7_0908300.2 0.56 0.35 0.23 0.71 17.35 91.42 160.67 65.71
PF3D7_0909200.1 0.18 0.05 0.06 0.15 0.64 0.6 0.79 0.62
PF3D7_0909600.1 1.14 0.45 0.2 0.67 9.8 40.67 100.87 66.3
PF3D7_0910300.1 1.18 1.3 2.51 10.82 40.15 46.64 35.4 21.04
PF3D7_0910800.1 0.39 0.54 1.05 5.09 27.15 52.46 59.08 28.82
PF3D7_0911600.1 0.49 0.24 0.11 0.25 4.83 26.39 73.69 29.67
PF3D7_0912200.1 0.49 0.67 0.7 1.57 2.78 2.36 3.23 1.5
PF3D7_0912400.1 0.91 0.65 0.79 4.3 39.13 139.62 188.45 60.89
PF3D7_0913500.1 0.48 0.43 1.3 5.17 12.67 38.2 69.83 41.95
PF3D7_0914000.1 1.04 0.62 0.9 3.76 16.16 21.02 17.3 4.54
PF3D7_0914200.1 6.56 4.05 3.85 8.71 24.07 32.11 38.02 24.65
PF3D7_0916300.1 0.52 0.16 0.12 0.28 0.48 1.08 8.1 13.17
PF3D7_0917200.1 0.22 0.09 0.06 0.16 0.16 0.39 1 4.78
PF3D7_0918400.1 0.08 0.06 0.06 0.16 1 4.59 7.08 3.78
PF3D7_0918800.1 1.7 2.3 3.67 8.85 36.07 37.83 26.88 6.33
PF3D7_0919100.1 3.88 6.43 11.24 30.59 101.76 156.33 312.32 185.7
PF3D7_0919600.1 0.11 0.08 0.09 0.81 22.74 65.64 65.88 15.3
PF3D7_0920300.1 0.16 0.24 0.11 0.44 3.4 13.74 16.58 5.56
PF3D7_0922300.1 0.39 0.26 0.17 0.45 1.4 6.98 7.73 1.97
PF3D7_0923200.1 0.83 2.34 4.51 14.52 60.89 65.71 36.69 5.26
PF3D7_0924500.1 0.86 0.33 0.29 0.85 3.43 4.37 18.48 26.35
PF3D7_0925100.1 0.12 0.1 0.15 0.37 1.69 2.18 1.27 1.13
PF3D7_0925900.1 83.46 55.15 60.23 182.76 1183.76 1347.14 708.82 122.92
PF3D7_0926200.1 33.33 7.41 4.46 18.43 96.99 136.31 172.64 82.86
PF3D7_0926400.1 0.76 0.53 0.91 2.05 4.69 16.11 50.64 32.71
PF3D7_0926600.1 0.19 0.06 0.06 0.09 0.39 1.3 2.36 0.93
PF3D7_0931500.1 3.15 1.55 3.09 10.45 48.27 79.19 129.08 85.46
PF3D7_0932100.1 14.35 4.16 1.89 2.32 6.27 24.36 86.04 95.25
PF3D7_0932500.1 0.36 0.12 0.09 0.35 4.17 10.18 20.19 17.26
PF3D7_0932600.1 0.3 0.11 0.05 0.71 12.46 30.61 54.49 19.54
PF3D7_0933300.1 0.43 0.1 0.13 0.44 9.61 38.01 53.99 20.63
PF3D7_0935100.1 9.45 13.14 20.89 51.13 158.12 209.31 330.07 142.89
PF3D7_0935300.1 1.6 1.5 2.26 4.29 12.08 25.56 38.7 21.64
PF3D7_0937100.1 0.06 0.02 0.08 0.18 0.55 2.07 3.14 1.4
PF3D7_1002300.1 0.03 0.08 0.04 0.2 1.61 4.24 2.43 0.4
PF3D7_1003200.1 0.42 0.15 0.18 1.09 12.34 24.89 26.75 6.38
PF3D7_1005300.1 0.04 0.05 0.06 0.14 0.21 0.92 1.56 0.67
PF3D7_1006300.1 0.22 0.17 0.32 1.02 3.58 5.03 4.85 0.91
PF3D7_1007000.1 0.44 1.8 5.73 21.24 68.58 98.13 101.67 49.14
PF3D7_1008500.1 1.58 1.14 1.44 3.83 8.95 17.59 42.18 36.03
PF3D7_1009100.1 0.15 0.04 0.11 0.33 0.99 1.03 1.08 0.31
PF3D7_1009600.1 0.16 0.12 0.41 2.63 23.75 35.63 23.78 4.78
PF3D7_1010700.1 1.62 5.19 13.2 52.93 198.75 266.23 270.27 113.47
PF3D7_1013000.1 0.98 0.49 0.89 2.94 16.02 17.17 20.36 13.62
PF3D7_1013300.1 0.35 0.63 1.5 4.86 23.29 35.06 48.99 16.42
PF3D7_1013700.1 0.81 0.1 0.12 0.73 9.34 16.9 22.89 15.04
PF3D7_1014100.1 29.11 5.25 0.79 0.36 0.2 0.24 0.51 16.14
PF3D7_1014200.1 0.02 0.03 0.02 0.03 0.1 0.25 0.05 0.34
PF3D7_1016100.1 1 0.16 0.1 0.23 0.76 1.71 1.71 1.46
PF3D7_1018300.1 6.33 3.46 3.67 9.46 33.35 38.36 42.1 13.52
PF3D7_1019800.1 0.79 0.24 0.16 1 22.73 55.63 53.67 19.12
PF3D7_1021400.1 1.03 1.96 3.65 9.55 30.88 52.44 87.78 48.27
PF3D7_1023300.1 1.32 0.6 0.16 1.84 23.97 85.06 115.42 37.72
PF3D7_1024000.1 4.1 1.36 1.2 7.78 50.39 86.9 99.43 28.96
PF3D7_1024800.1 24.39 32.99 41.71 93.86 173.24 212.23 268.36 61.17
PF3D7_1029700.1 0.04 0.05 0.04 0.2 0.27 0.57 0.51 0.47
PF3D7_1030900.1 1.12 0.17 0.18 0.4 1.14 2.3 6.58 12.79
PF3D7_1031900.1 0.09 0.06 0.09 0.17 2.69 8.18 7.66 2.53
PF3D7_1033800.1 0.07 0.05 0.07 0.17 0.35 0.77 1.24 0.29
PF3D7_1034100.1 0.17 0.09 0.15 0.33 2.27 9.83 18.64 7.41
PF3D7_1034200.1 0.11 0.06 0.1 0.27 3.14 12.45 19.8 15.72
PF3D7_1035100.1 3.01 0.52 0.12 0.16 0.19 0.56 28.02 61.46
PF3D7_1035800.1 0.28 0.22 1.24 9.17 18.38 10.34 4.31 1.65
PF3D7_1035900.1 42.17 7.48 1.13 0.79 1.97 2.5 16.16 104.73
PF3D7_1036400.1 0.82 0.2 0.03 0.06 0.11 0.08 0.16 0.11
PF3D7_1038000.1 110.15 108.49 153.22 367.89 1379.84 2229.73 3379.08 2680.78
PF3D7_1038000.2 110.15 108.49 153.22 367.89 1379.84 2229.73 3379.08 2680.78
PF3D7_1103500.1 0.11 0.14 0.18 0.25 0.91 1.24 1.79 0.4
PF3D7_1104400.1 2.34 7.2 15.24 45.79 115.11 190.65 369.39 161.05
PF3D7_1105300.1 2.1 0.44 0.17 0.64 8.31 22.76 36.24 24.97
PF3D7_1105800.1 4.92 3.44 5.1 26.24 161.42 219.11 192.85 83.51
PF3D7_1105900.1 0.11 0.14 0.16 1.1 7.21 10.19 6.99 3.05
PF3D7_1106100.1 0.33 0.33 0.62 2.18 9.73 29.29 63.83 31.33
PF3D7_1112000.1 9.84 4.79 6.55 17.55 75.17 86.31 101 60.61
PF3D7_1115100.1 0.11 0.25 0.14 0.63 1.15 3.07 6.49 4.1
PF3D7_1117300.1 10.22 5.94 7.59 17.09 30.97 61.79 130.89 84.91
PF3D7_1118900.1 0.23 0.16 0.3 1.56 14.48 23.28 27.83 13.81
PF3D7_1119000.1 0.72 0.54 1 7.76 77.57 154.98 210.76 75.11
PF3D7_1120200.1 8.4 4.59 6.24 21.97 91.96 111.76 189.38 160.45
PF3D7_1121500.1 0.17 0.11 0.1 0.24 1.58 12.21 18.57 7.79
PF3D7_1121800.1 0.08 0.05 0.05 0.14 0.34 0.61 0.92 0.27
PF3D7_1122100.1 0.13 0.09 0.06 0.17 1.59 10.28 20.01 8.73
PF3D7_1122300.1 2.04 1.89 2.2 4.22 5.89 4 11.63 12.7
PF3D7_1122700.1 0.7 0.17 0.1 0.09 1.39 8.65 51.35 51.49
PF3D7_1123500.1 3.36 3.68 6.46 18.09 38.76 45.76 58.4 20.66
PF3D7_1125000.1 0.52 0.3 0.29 1.09 4.21 23.17 58.1 43.02
PF3D7_1127400.1 0.27 0.18 0.67 2.31 12.1 25.4 29.36 11.88
PF3D7_1128700.1 0.64 0.22 0.14 0.35 2.48 11.73 33.76 33.27
PF3D7_1131900.1 0.12 0.05 0.07 0.13 1.3 3.61 4.37 1.23
PF3D7_1132800.1 8.66 1.37 0.89 6.72 70.55 131 175.91 249.37
PF3D7_1133000.1 7.81 1.75 2.18 4.7 13.02 13.65 69 172.64
PF3D7_1133800.1 2.03 1.63 2.84 10.46 51.33 73.33 111.06 63.64
PF3D7_1133900.1 1.88 2.18 3.03 6.72 19.69 46.28 76.3 41.23
PF3D7_1135000.2 0.15 0.09 0.13 0.42 6.67 44.13 48.28 17.75
PF3D7_1135000.3 0.15 0.09 0.13 0.42 6.67 44.13 48.28 17.75
PF3D7_1135400.1 1.61 5.78 11.72 28.6 55.01 102.32 102.77 45.41
PF3D7_1136100.1 0.06 0.03 0.04 0.1 1.91 8.62 9.14 1.28
PF3D7_1137500.1 0.93 0.28 0.24 1.02 9.34 48.44 124.22 87.46
PF3D7_1140000.1 0.09 0.02 0.06 0.13 0.21 0.47 0.58 0.46
PF3D7_1143000.1 0.26 0.11 0.17 0.12 1.48 6.09 14.39 10.53
PF3D7_1143200.1 2.14 0.43 0.37 2.32 10.37 21.82 174.65 177.29
PF3D7_1146100.1 0.88 0.53 0.48 0.94 1.82 8.77 7.4 1.73
PF3D7_1147800.2 1.15 1.13 1.98 7.76 17.42 17.56 21.29 6.16
PF3D7_1149400.1 0.17 0.14 3.78 71.38 642.76 539.31 257.49 23.9
PF3D7_1200700.1 116.88 104.04 74.18 60.61 37.58 35.58 23.46 7.61
PF3D7_1201400.1 0.35 0.33 0.41 0.91 4.7 14.47 12.21 1.77
PF3D7_1201600.1 0.16 0.08 0.09 0.3 1.02 6.16 10.23 5
PF3D7_1204400.1 0.37 0.3 0.36 0.81 3.45 3.42 3.19 1.37
PF3D7_1204900.1 47.01 8.72 1.67 1.75 5.83 6.97 13.32 35.22
PF3D7_1207300.1 0.29 0.27 0.36 0.8 2.74 3.44 2.11 0.66
PF3D7_1207500.1 0.68 0.31 0.67 1.57 13.49 32.71 50.84 32.19
PF3D7_1207700.1 1.21 0.33 0.29 0.73 3.92 6.03 6.06 1.31
PF3D7_1208000.1 0.22 0.23 0.38 1.01 7.49 10.83 21.99 9.86
PF3D7_1210000.1 0.61 0.29 0.22 2.32 25.75 49.85 79.35 45.83
PF3D7_1213500.1 0.05 0.04 0.02 0.08 1.17 1.62 1.4 0.89
PF3D7_1214500.1 0.13 0.46 0.88 2.89 6.55 9.94 10.7 3.1
PF3D7_1214800.1 0.1 0.17 0.21 0.75 1.94 5.44 3.17 1.85
PF3D7_1215900.1 0.29 0.4 0.76 2.81 8.74 15.7 27.58 17.14
PF3D7_1216400.1 2.85 3.95 5.5 12.3 25.83 41.58 62.38 31.08
PF3D7_1216700.1 0.22 0.15 0.22 0.92 4.17 4.31 3.94 0.95
PF3D7_1218100.1 1.81 0.18 0.08 0.15 0.31 0.81 2.96 2.41
PF3D7_1218800.1 0.17 0.15 0.22 0.45 1.62 2.25 1.73 1.12
PF3D7_1221100.1 0.29 0.18 0.36 1.17 8.03 16.17 15.95 7.11
PF3D7_1222000.1 0.12 0.19 0.27 0.87 3.71 5.42 6.57 2.16
PF3D7_1226900.1 0.87 0.25 0.16 1.32 9.17 22.17 35.87 14.62
PF3D7_1229300.1 2.72 0.54 0.41 1.63 4.48 9.47 44.17 62.66
PF3D7_1232700.1 1.88 0.26 0.11 0.27 1.28 4.91 12.72 15.48
PF3D7_1234400.1 0.03 0.04 0.05 0.12 0.32 0.62 0.6 0.15
PF3D7_1234700.1 0.08 0.11 0.11 0.31 1.06 1.4 2.22 1.81
PF3D7_1236400.1 1.32 1.54 2.18 4.67 11.46 23.19 40.6 24.97
PF3D7_1236700.1 1.15 0.16 0.3 5.03 38.41 57.07 58.17 22.66
PF3D7_1236800.1 2.62 0.42 0.17 0.27 2.3 13.78 37.26 42.02
PF3D7_1237900.1 34.5 15.13 12.97 29.23 106.86 132.8 91.29 26.03
PF3D7_1239400.1 0.2 0.11 0.18 0.49 1.48 2.28 2.33 0.81
PF3D7_1241900.1 6.31 5.78 7.7 18.76 59.7 87.62 128.55 60.79
PF3D7_1242000.1 0.21 0.13 0.21 0.5 2.57 5.39 17.27 14.26
PF3D7_1242200.1 0.4 0.92 1.88 7.64 33.02 49.77 65.45 24.21
PF3D7_1245800.1 13.54 4.56 3.96 12.41 37.16 51.34 56.04 22.84
PF3D7_1246000.1 0.08 0.14 0.21 0.45 1.47 0.98 1.44 0.51
PF3D7_1247600.1 0.39 0.11 0.04 0.13 0.36 1.27 1.41 2.05
PF3D7_1247800.1 1.43 0.37 0.33 0.71 1.5 1.07 2.32 5.82
PF3D7_1248300.1 0.16 0.11 0.21 0.68 12.1 33.79 52.75 32.27
PF3D7_1248600.1 0.51 0.19 0.13 0.42 2.83 20.79 50.41 27.13
PF3D7_1249900.1 1.74 3.5 5.26 18.35 83.63 142.6 150.45 39.9
PF3D7_1250200.1 6.24 2.82 3.36 10.9 32.65 32.26 33.19 26.67
PF3D7_1251000.1 0.21 0.07 0.06 0.16 0.76 1.35 0.99 0.39
PF3D7_1252900.1 37.93 18.81 13.34 9.38 17.76 31.78 13.46 4.2
PF3D7_1253200.1 21.38 27.15 34.69 57.35 99.83 151.44 113.63 18.13
PF3D7_1253500.1 0.08 0.04 0.03 0.17 0.08 0.75 4.63 3.99
PF3D7_1301900.1 2.13 1.01 0.9 1.11 1.6 4.91 2.67 5.71
PF3D7_1302300.1 14.26 6.65 6.8 19.02 93.12 208.74 216.31 60.63
PF3D7_1304300.1 0.37 0.31 0.87 2.72 8.63 17.52 16.63 4.54
PF3D7_1310200.1 5 0.67 0.16 0.2 1.1 2.61 5.29 56.83
PF3D7_1310500.1 1.33 2.11 4.13 10.99 41.38 55.05 67.51 33.03
PF3D7_1312700.1 0.72 0.16 0.25 5.14 77.56 132 100.38 16.36
PF3D7_1314500.1 0.66 1.94 4.36 14.99 59.45 96.34 174.38 77.72
PF3D7_1315200.1 0.14 0.04 0.06 0.45 6.41 10.1 7.43 2.35
PF3D7_1316200.1 8.3 1.3 0.66 1.31 9.23 11.76 11.47 10.12
PF3D7_1316300.1 0.08 0.18 0.18 0.28 0.51 1.8 1.11 0.69
PF3D7_1316700.1 0.12 0.09 0.17 0.4 1.96 3.58 3.43 2
PF3D7_1318000.1 4.11 3.86 5.41 13.49 29.72 23.67 23.14 25.86
PF3D7_1319800.1 1.1 0.83 1.51 2.66 4.01 7.12 5.42 2.09
PF3D7_1319900.1 0.03 0.02 0.03 0.12 2.11 5.56 5.62 1.35
PF3D7_1321100.1 2.91 0.49 0.11 0.15 0.31 1.19 7.19 30.42
PF3D7_1321900.1 40.02 12.33 9.24 20.98 67.52 81.61 64.06 34.16
PF3D7_1322900.1 0.27 0.32 0.38 1.11 2.83 7.88 10.92 4.29
PF3D7_1324900.1 6.31 36.53 88.44 271.32 1057.7 2087.79 1343.22 374.13
PF3D7_1327100.1 0.06 0.11 0.2 0.41 1.13 2.19 2.83 1.01
PF3D7_1330100.1 0.68 0.58 0.87 3.52 21.08 74.13 134.32 62.53
PF3D7_1330200.1 0.43 0.28 0.46 1.84 10.48 39.69 72.74 44.1
PF3D7_1331400.1 3.34 0.28 0.1 0.18 0.74 0.46 1.06 3.43
PF3D7_1331600.1 4.49 0.92 0.29 0.87 9 61.49 181.69 114.73
PF3D7_1332100.1 1.06 0.19 0.12 0.26 1.32 1.51 1.69 5.19
PF3D7_1333300.1 0.67 1.69 3.62 12.34 47.91 74.45 108.5 50.64
PF3D7_1336700.1 33.94 30.63 23.46 65.43 229.07 407.37 445.55 115.6
PF3D7_1338000.1 0.82 0.3 0.44 3.01 19.83 40.82 73.5 55.71
PF3D7_1338900.1 0.45 0.2 0.2 0.47 6.52 36.2 71.94 34.91
PF3D7_1340200.1 0.15 0.31 0.75 1.3 6.92 7.48 11.04 4.43
PF3D7_1340800.1 0.6 0.3 0.18 0.99 8.3 46.52 91.29 61.69
PF3D7_1344800.1 0.75 1.02 2.96 14.04 79.16 141.68 103.24 26.31
PF3D7_1347600.1 0.41 0.24 0.19 0.53 1.66 4.87 11.38 10.7
PF3D7_1349900.1 0.21 0.19 0.21 0.69 8.83 30.49 40.42 14.04
PF3D7_1350500.1 1.55 1.17 1.73 5.05 17.48 25.84 33.64 19.7
PF3D7_1350600.1 0.22 0.12 0.11 0.2 1.02 1.56 1.51 1.55
PF3D7_1351200.1 0.15 0.2 0.61 2.64 13.82 26.57 46.59 16.82
PF3D7_1351300.1 0.01 0.01 0.05 0.06 0.59 0.52 0.83 0.28
PF3D7_1351800.2 9.06 3.85 5.22 14.72 33.18 38.18 31.54 6.82
PF3D7_1352500.1 3.48 2.25 8.15 29.56 111.22 290.77 609.04 473.13
PF3D7_1352900.1 24.93 15.82 12.09 4.94 2.38 1.4 0.84 0.9
PF3D7_1353300.1 0.95 1.32 2.64 9.2 40.84 59.95 89.02 40.45
PF3D7_1354400.1 2.84 2.75 4.02 13.92 50.15 62.83 78.21 54.68
PF3D7_1358700.1 21.63 20.39 31.09 55.5 85.22 181.66 369.4 203.01
PF3D7_1360200.1 0.92 1.83 3.76 11.46 39.78 48.72 62.29 25.47
PF3D7_1360300.1 0.1 0.25 0.67 2.41 13.52 27.79 27.44 9.37
PF3D7_1363800.1 0.13 0.08 0.08 0.37 2.11 6.05 9.86 4.34
PF3D7_1366200.1 0.85 0.24 0.15 1.44 25.52 64.47 86.56 38.81
PF3D7_1366800.1 3.75 1.53 2.87 14.07 69.54 72.07 59.12 27.96
PF3D7_1367300.1 0.29 0.17 0.19 0.38 1.06 1.22 0.48 0.47
PF3D7_1367500.1 0.49 0.14 0.16 0.45 7.83 37.23 67.98 38.65
PF3D7_1367800.1 0.06 0.05 0.04 0.08 0.62 1.22 1.18 0.32
PF3D7_1367900.1 0.03 0.03 0.02 0.05 0.33 1.07 0.97 0.43
PF3D7_1368000.1 0.3 0.16 0.21 0.46 1.25 5.17 17.99 15.75
PF3D7_1371500.1 0.18 0.06 0.06 0.21 10.09 45.86 57.39 19.92
PF3D7_1371800.1 0.39 0.12 0.21 7.22 187 294.03 116.18 8.78
PF3D7_1371900.1 0.1 0.07 0.39 3.01 23.14 22.55 5.95 1.93
PF3D7_1372400.1 0.48 0.15 0.3 0.24 0.68 4.74 14.83 8.21
PF3D7_1401700.1 0.07 0.03 0.05 0.13 0.39 1.39 1.37 0.32
PF3D7_1403200.1 0.18 0.23 0.25 0.48 0.55 2.05 2.31 1.19
PF3D7_1404700.1 7.46 1.21 0.51 0.38 1.28 2.17 2.08 4.14
PF3D7_1404800.1 21.34 17.23 20.04 33.82 56.44 25.83 8.09 3.4
PF3D7_1409600.1 1.67 1.75 2.27 5.75 15.93 17.08 27.04 13.51
PF3D7_1410700.1 0.95 0.25 0.16 0.44 12.3 63.57 168.84 102.25
PF3D7_1411900.1 6.99 7.98 10.84 32.51 86.57 62.72 27.8 8.01
PF3D7_1412000.1 0.86 0.09 0.1 0 0.06 0.79 1.59 9.58
PF3D7_1416000.1 0.12 0.13 0.06 0.16 0.32 0.43 3.05 3.61
PF3D7_1416700.1 0.61 0.99 0.79 2.12 8.55 6.63 12.42 7.31
PF3D7_1420500.1 0.06 0.04 0.06 0.15 1.09 1.66 1.32 0.55
PF3D7_1421900.1 1.98 0.43 0.27 0.58 12.9 50.88 113.25 136.88
PF3D7_1427100.1 15.34 14.32 15.7 25.87 36.95 27.93 17.15 5.54
PF3D7_1429300.1 0.72 0.69 1.02 3.78 8.07 7.71 9.69 3.94
PF3D7_1429600.1 0.41 0.26 0.27 1.02 7.18 38.23 65.02 27.7
PF3D7_1431400.1 8.28 1.73 0.82 1.44 5.02 5.79 19.95 89.53
PF3D7_1434400.1 7.45 1.22 0.29 0.7 1.49 4.08 9.19 31.3
PF3D7_1436100.1 1.2 2.82 4.34 9.16 28.74 47.01 72.24 29.65
PF3D7_1439300.1 3.64 2.41 3.19 8.19 31.17 46.05 72.33 32.6
PF3D7_1442600.1 0.17 0.29 0.38 1.41 8.54 8.88 11.64 2.95
PF3D7_1443700.1 0.56 0.11 0.08 0.19 7.56 30.47 44.99 37.56
PF3D7_1445800.1 0.06 0.04 0.09 0.1 0.53 1.23 3.6 2.62
PF3D7_1446300.1 4.11 0.88 0.52 2.1 9.83 11.97 9.21 4.39
PF3D7_1447600.1 0.09 0.15 0.1 0.1 0.44 1.03 1.53 0.59
PF3D7_1451600.1 0.04 0.06 0.05 0.2 0.62 0.47 0.59 0.99
PF3D7_1453300.1 0.28 0.24 0.57 1.3 6 11.05 16.31 6.03
PF3D7_1453500.1 0.05 0.09 0.07 0.26 0.81 0.78 0.89 0.57
PF3D7_1455900.1 0.4 0.18 0.1 0.41 4.78 26.11 44.24 22.27
PF3D7_1458100.1 4.45 5.19 6.21 14.45 25.88 56.07 129.69 62.46
PF3D7_1459900.1 2.29 0.37 0.08 0.18 0.37 0.65 3 22.21
PF3D7_1460900.1 0.46 0.19 0.14 0.75 11.82 32.88 61.06 38.41
PF3D7_1460900.2 0.46 0.19 0.14 0.75 11.82 32.88 61.06 38.41
PF3D7_1461700.1 1 1.56 1.28 2.22 6.29 6.95 11.9 6.05
PF3D7_1462300.1 4.86 5.93 9.62 24.24 76.26 101.52 139.46 48.9
PF3D7_1463600.1 0.19 0.38 0.3 1.88 16.39 45.24 75.44 22.88
PF3D7_1465300.1 0.4 0.89 1.71 5.13 18.81 25.89 24.48 6.55
PF3D7_1465700.1 0.04 0.06 0.11 0.46 3.36 5.22 3.98 1.17
PF3D7_1466000.1 0.13 0.04 0.05 0.07 0.51 1.81 1.19 0.88
PF3D7_1466500.1 0.72 0.81 1.02 1.49 3.81 6.25 6.28 2.42
PF3D7_1467000.1 0.1 0.14 0.29 0.89 3.78 6.08 5.72 1.96
PF3D7_1467400.1 0.38 0.44 0.9 3.05 20.83 33 62.28 34.72
PF3D7_1471000.1 1.55 1.56 2.79 8.16 36.16 34.13 17.54 3.84
PF3D7_1472300.1 4.97 1.94 2.35 7.01 27.27 33.33 52.2 37.24
PF3D7_1473000.1 0.02 0.02 0 0.05 0.42 1.5 0.18 0.23
PF3D7_1476500.1 1.74 1.49 1.17 3.01 30.18 82.24 79.4 38.85
PF3D7_1478800.1 6.68 3.58 5.63 15.63 27.48 8.39 3.16 3.21
